0.7853981633974483
0.8614892971850410
0.8612648869118871
0.8612648848681753
0.8612648848681753
0.8612648848681753
0.8612648848681753
0.8612648848681753
0.8612648848681753
0.8612648848681753
0.8612648848681753
0.8612648848681753
0.8612648848681753
0.8612648848681753
0.8612648848681753
0.8612648848681753
0.8612648848681753
0.8612648848681753
0.8612648848681753
0.8612648848681753
0.8612648848681753
0.8612648848681753
0.8612648848681753
0.8612648848681753
0.8612648848681753
0.8612648848681753
0.8612648848681753
0.8612648848681753
0.8612648848681753
0.8612648848681753
0.8612648848681753
0.8612648848681753
0.8612648848681753
0.8612648848681753
0.8612648848681753
0.8612648848681753
0.8612648848681753
0.8612648848681753
0.8612648848681753
0.8612648848681753
0.8612648848681753
0.8612648848681753
0.8612648848681753
0.8612648848681753
0.8612648848681753
0.8612648848681753
0.8612648848681753
0.8612648848681753
0.8612648848681753
0.8612648848681753
