0.7853981633974483
0.9501138330273559
0.9478287044385670
0.9478282237996115
0.9478282237996115
0.9478282237996115
0.9478282237996115
0.9478282237996115
0.9478282237996115
0.9478282237996115
0.9478282237996115
0.9478282237996115
0.9478282237996115
0.9478282237996115
0.9478282237996115
0.9478282237996115
0.9478282237996115
0.9478282237996115
0.9478282237996115
0.9478282237996115
0.9478282237996115
0.9478282237996115
0.9478282237996115
0.9478282237996115
0.9478282237996115
0.9478282237996115
0.9478282237996115
0.9478282237996115
0.9478282237996115
0.9478282237996115
0.9478282237996115
0.9478282237996115
0.9478282237996115
0.9478282237996115
0.9478282237996115
0.9478282237996115
0.9478282237996115
0.9478282237996115
0.9478282237996115
0.9478282237996115
0.9478282237996115
0.9478282237996115
0.9478282237996115
0.9478282237996115
0.9478282237996115
0.9478282237996115
0.9478282237996115
0.9478282237996115
0.9478282237996115
0.9478282237996115
