0.7853981633974483
1.3323163240754754
1.2630681347187287
1.2617035783932042
1.2617030552531785
1.2617030552531785
1.2617030552531785
1.2617030552531785
1.2617030552531785
1.2617030552531785
1.2617030552531785
1.2617030552531785
1.2617030552531785
1.2617030552531785
1.2617030552531785
1.2617030552531785
1.2617030552531785
1.2617030552531785
1.2617030552531785
1.2617030552531785
1.2617030552531785
1.2617030552531785
1.2617030552531785
1.2617030552531785
1.2617030552531785
1.2617030552531785
1.2617030552531785
1.2617030552531785
1.2617030552531785
1.2617030552531785
1.2617030552531785
1.2617030552531785
1.2617030552531785
1.2617030552531785
1.2617030552531785
1.2617030552531785
1.2617030552531785
1.2617030552531785
1.2617030552531785
1.2617030552531785
1.2617030552531785
1.2617030552531785
1.2617030552531785
1.2617030552531785
1.2617030552531785
1.2617030552531785
1.2617030552531785
1.2617030552531785
1.2617030552531785
1.2617030552531785
