0.7853981633974483
2.0878767294992695
1.6528525081659042
1.5870229194121623
1.5853150145928405
1.5853138613547340
1.5853138613547340
1.5853138613547340
1.5853138613547340
1.5853138613547340
1.5853138613547340
1.5853138613547340
1.5853138613547340
1.5853138613547340
1.5853138613547340
1.5853138613547340
1.5853138613547340
1.5853138613547340
1.5853138613547340
1.5853138613547340
1.5853138613547340
1.5853138613547340
1.5853138613547340
1.5853138613547340
1.5853138613547340
1.5853138613547340
1.5853138613547340
1.5853138613547340
1.5853138613547340
1.5853138613547340
1.5853138613547340
1.5853138613547340
1.5853138613547340
1.5853138613547340
1.5853138613547340
1.5853138613547340
1.5853138613547340
1.5853138613547340
1.5853138613547340
1.5853138613547340
1.5853138613547340
1.5853138613547340
1.5853138613547340
1.5853138613547340
1.5853138613547340
1.5853138613547340
1.5853138613547340
1.5853138613547340
1.5853138613547340
1.5853138613547340
