1
1.010747666216014
1.021501402263288
1.032267277973081
1.043051363176656
1.053859727705271
1.064698441390187
1.075573574062665
1.086491195553963
1.097457375695342
1.108478184318063
1.119559691253386
1.13070796633257
1.141929079386876
1.153229100247564
1.164614098745895
1.176090144713128
1.187663307980523
1.199339658379341
1.211125265740842
1.223026199896287
1.235048530676934
1.247198327914045
1.259481661438879
1.271904601082697
1.284473216676759
1.297193521894966
1.310069134962913
1.323100433601954
1.336287565512899
1.349630678396556
1.363129919953736
1.37678543788525
1.390597379891906
1.404565893674516
1.418691126933888
1.432973227370833
1.447412342686161
1.462008620580682
1.476762208755205
1.491673254910541
1.5067419067475
1.521968311966891
1.537352618269525
1.552894973356211
1.568595524927759
1.58445442068498
1.600471808328683
1.616647835559679
1.632982650078776
1.649476399586786
1.666129231784517
1.682941454088383
1.699914678312116
1.717051153215272
1.734353131869726
1.751822867347353
1.769462612720031
1.787274621059635
1.80526114543804
1.823424438927123
1.841766754598759
1.860290345524824
1.878997464777194
1.897890365427745
1.916971300548353
1.936242523210893
1.955706286487242
1.975364843449275
1.995220447168868
2.015275350717897
2.035531807168238
2.055992069591766
2.076658391060358
2.09753302464589
2.118618223420237
2.139916240455275
2.161429328887191
2.183159768726303
2.2051099083138
2.227282106690682
2.249678722897949
2.272302115976601
2.295154644967638
2.31823866891206
2.341556546850867
2.365110637825058
2.388903300875635
2.412936895043597
2.437213779369943
2.461736312895676
2.486506854661792
2.511527763709294
2.536801399079181
2.562330119812452
2.588116284950109
2.614162253533151
2.640470384602578
2.667043037199389
2.693882570364586
2.720991343139169
2.748371714564135
2.776026043680487
2.80395671132298
2.832166519460509
2.860658650976151
2.889436302477328
2.918502670571465
2.947860951865982
2.977514342968305
3.007466040485855
3.037719241026055
3.068277141196329
3.099142937604099
3.13031982685679
3.161811005561822
3.19361967032662
3.225749017758606
3.258202244465203
3.290982547053835
3.324093122131924
3.357537166306893
3.391317876186167
3.425438448377165
3.459902079487313
3.494711966124033
3.529871304894749
3.565383292406882
3.601251125267857
3.63747811736165
3.674068173909408
3.711025386091628
3.748353845156674
3.786057642352913
3.824140868928711
3.862607616132434
3.901461975212446
3.940708037417113
3.980349893994802
4.020391636193879
4.060837355262708
4.101691142449655
4.142957089003087
4.184639286171368
4.226741825202866
4.269268797345944
4.312224293848971
4.355612405960309
4.399437224928326
4.443702842001388
4.488413348427858
4.533572835456105
4.579185394334492
4.625255116311386
4.671786098492507
4.718782864197517
4.766250644387525
4.814194736742555
4.862620438942626
4.91153304866776
4.960937863597978
5.010840181413302
5.061245299793751
5.112158516419346
5.16358512897011
5.215530435126063
5.267999732567228
5.320998318973622
5.37453149202527
5.42860454940219
5.483222788784406
5.538391507851936
5.594116004284803
5.65040157576303
5.707253519966634
5.764677134575638
5.822677717270063
5.88126056572993
5.94043097763526
6.000194250666074
6.060555767976695
6.12152181928837
6.183099240349536
6.245294874412542
6.308115564729741
6.371568154553481
6.435659487136113
6.500396405729989
6.565785753587458
6.631834373960873
6.698549110102585
6.765936805264941
6.834004302700295
6.902758445660997
6.972206077399397
7.042354041167847
7.113209180218695
7.184778337804296
7.257068357176998
7.330086081589152
7.40383835429311
7.47833201854122
7.553573917585834
7.629570894679303
7.706329793073977
7.783857456174002
7.862161143294832
7.941249436319542
8.021131179428561
8.101815216802322
8.183310392621252
8.26562555106578
8.348769536316333
8.432751192553344
8.517579363957241
8.603262894708454
8.689810628987411
8.77723141097454
8.865534084850275
8.954727494795041
9.04482048498927
9.135821899613388
9.227740582847828
9.320585378873016
9.414365131869383
9.50908868601736
9.604764885497373
9.701402574489853
9.799010597175229
9.89759779773393
9.997173020346388
10.09774515154746
10.19932425340376
10.30192168763561
10.40554888322065
10.51021726913651
10.61593827436081
10.72272332787119
10.83058385864526
10.93953129566067
11.04957706789502
11.16073260432595
11.27300933393109
11.38641868568807
11.50097208857451
11.61668097156803
11.73355676364628
11.85161089378686
11.97085479096742
12.09129988416558
12.21295760235896
12.33583937452519
12.45995662964191
12.58532079668673
12.71194330463728
12.8398355824712
12.9690090591661
13.09947550099819
13.23124882829158
13.3643438085448
13.49877521128369
13.63455780603411
13.7717063623219
13.91023564967292
14.05016043761301
14.19149549566803
14.33425559336384
14.47845550022627
14.62410998578119
14.77123381955444
14.91984177107188
15.06994860985935
15.22156910544271
15.37471802734781
15.5294101451005
15.68566022822662
15.84348304625204
16.0028933687026
16.16390596510416
16.32653560498256
16.49079705786365
16.6567050932733
16.82427448957935
16.99352133114659
17.16446437688268
17.33712271317697
17.5115154264188
17.6876616029975
17.86558032930242
18.04529069172289
18.22681177664826
18.41016267046785
18.59536245957102
18.78243023034711
18.97138506918544
19.16224606247536
19.35503229660623
19.54976285796736
19.74645683294809
19.94513330793778
20.14581136932577
20.34851010350137
20.55324859685395
20.76004593577284
20.96892120664738
21.1798934958669
21.39298188982076
21.60820547489827
21.82558355416738
22.0451384832401
22.26689487423273
22.4908773921616
22.71711070204305
22.94561946889341
23.17642835772901
23.4095620335662
23.64504516142129
23.88290240631062
24.12315843325054
24.36583790725738
24.61096549334746
24.85856585653714
25.10866366184272
25.36128357428055
25.61645025886697
25.8741883806183
26.13452260455089
26.39747759568106
26.66307801902516
26.93134853959951
27.20231382242045
27.47599853250431
27.75242733486743
28.03162489452614
28.31361707802321
28.5984345580072
28.88610920865307
29.17667290413583
29.47015751863044
29.7665949263119
30.06601700135518
30.36845561793528
30.67394265022716
30.98250997240583
31.29418945864626
31.60901298312344
31.92701242001235
32.24821964348796
32.57266652772528
32.90038494689929
33.23140677518495
33.56576388675727
33.90348815579122
34.24461145646178
34.58916566294394
34.93718264941269
35.288694290043
35.64373245900988
36.00232903048827
36.36451596699595
36.73032899939893
37.09980895629327
37.4729970281269
37.8499344053478
38.23066227840387
38.61522183774309
39.00365427381337
39.3960007770627
39.79230253793899
40.1926007468902
40.59693659436428
41.00535127080916
41.4178859666728
41.83458187240313
42.2554801784481
42.68062207525566
43.11004875327375
43.54380140295032
43.98192121473331
44.42444937907069
44.87142708641036
45.32289552720029
45.77889589188844
46.23946937092272
46.7046571547511
47.174501347132
47.64905151083062
48.12836085089433
48.61248259702992
49.10146997894418
49.59537622634389
50.09425456893584
50.5981582364268
51.10714045852355
51.62125446493288
52.14055348536156
52.6650907495164
53.19491948710417
53.73009292783162
54.27066430140557
54.81668683753281
55.3682137659201
55.92529831627421
56.48799371830194
57.05635320171007
57.63042999620539
58.21027733149467
58.79594843728469
59.38749654328223
59.98497487919411
60.5884366841691
61.19793914294996
61.81354947245046
62.43533646050442
63.06336889494563
63.69771556360784
64.33844525432488
64.98562675493051
65.63932885325853
66.29962033714274
66.96656999441689
67.64024661291479
68.32071898047022
69.00805588491698
69.70232611408885
70.40359845581962
71.11194169794307
71.82742462829297
72.55011603470315
73.28008470500737
74.01739942703944
74.76212898863311
75.51434217762217
76.27410778184043
77.0414945891217
77.81657138729972
78.59940748736003
79.39008230947144
80.18868441751924
80.99530270483709
81.81002606475866
82.63294339061761
83.4641435757476
84.30371551348229
85.15174809715532
86.00833022010042
86.87355077565115
87.74749865714126
88.63026275790438
89.52193197127414
90.42259519058425
91.33234130916833
92.25125922036005
93.17943781749311
94.11696599390112
95.06393264291776
96.0204266578767
96.9865369321116
97.9623523589561
98.94796183174387
99.9434542438086
100.9489184884839
101.9644468650267
102.9901488461945
104.0261393053406
105.0725331177896
106.1294451588657
107.1969903038934
108.2752834281969
109.3644394071009
110.4645731159295
111.5757994300073
112.6982332246587
113.8319893752079
114.9771827569794
116.1339282452977
117.302340715487
118.4825350428719
119.6746261027766
120.8787287705256
122.0949579214432
123.323428430854
124.5642551740821
125.8175530264522
127.0834368632885
128.3620215599154
129.6534219916574
130.9577531968542
132.2751420757644
133.6057352229469
134.9496810898079
136.3071281277537
137.6782247881906
139.063119522525
140.4619607821631
141.8748970185111
143.3020766829755
144.7436482269624
146.1997601018782
147.6705607591292
149.1561986501217
150.6568222262619
152.1725799389562
153.7036202396108
155.2500915796321
156.8121424104263
158.3899211833998
159.9835763499587
161.5932563615095
163.2191096694584
164.8612847252117
166.5199299801757
168.1951938857567
169.8872272929326
171.5962065032807
173.3223231473287
175.0657690662661
176.8267361012826
178.6054160935676
180.4020008843109
182.2166823147018
184.0496522259301
185.9011024591852
187.7712248556568
189.6602112565344
191.5682535030076
193.4955434362659
195.442272897499
197.4086337278963
199.3948177686475
201.4010168609422
203.4274228459698
205.4742275649201
207.5416228589824
209.6298005693465
211.7389525372019
213.8692706037382
216.0209466101448
218.1941724018652
220.3891514794039
222.6061244055103
224.8453390932792
227.1070434558052
229.391485406183
231.6989128575074
234.0295737228729
236.3837159153744
238.7615873481065
241.1634359341638
243.5895095866412
246.0400562186333
248.5153237432348
251.0155600735403
253.5410131226447
256.0919308036426
258.6685610296286
261.2711517136975
263.8999507689439
266.5552061084626
269.2371656453483
271.9460772926957
274.6821889635994
277.4457485711541
280.2370040284547
283.056204435934
285.9036318481643
288.7796047534175
291.6844435254151
294.6184685378788
297.5820001645301
300.5753587790904
303.5988647552815
306.6528384668246
309.7376002874416
312.8534705908538
316.000769750783
319.1798181409505
322.3909361350779
325.6344441068868
328.9106624300988
332.2199114784353
335.562511625618
338.9387832453683
342.3490467114078
345.7936223974581
349.2728306772407
352.7869919244772
356.336426512889
359.9214548161979
363.5423972081252
367.19958351733
370.8934039533643
374.6242724732301
378.3926030907582
382.1988098197799
386.0433066741261
389.9265076676279
393.8488268141163
397.8106781274224
401.8124756213771
405.8546333098116
409.9375652065568
414.0616853254438
418.2274076803036
422.4351462849673
426.6853151532659
430.9783282990305
435.314599736092
439.6945434782815
444.1185735394301
448.5871039333688
453.1005486739286
457.6593217749407
462.2638372502359
466.9145091136452
471.6117516268537
476.3560156604532
481.1478270561866
485.9877208355624
490.8762320200896
495.8138956312768
500.8012466906329
505.8388202196664
510.9271512398863
516.0667747728012
521.2582258399199
526.5020394627512
531.7987506628039
537.1488944615867
542.5530058806083
548.0116199413776
553.5252716654031
559.0944960741939
564.7198281892584
570.4018030321056
576.1409556242443
581.9378209871828
587.7929341424306
593.7068301114958
599.6800439158876
605.7131105771144
611.8065711907315
617.9610524227807
624.1772441947962
630.4558379112327
636.7975249765444
643.2029967951866
649.6729447716129
656.2080603102788
662.8090348156385
669.4765596921467
676.2113263442578
683.0140261764266
689.8853505931078
696.8259909987556
703.8366387978249
710.9179853947703
718.0707221940462
725.2955406001075
732.5931320174086
739.964187850404
747.4093995035486
754.9294583812967
762.525055888103
770.1968834284222
777.9456324067088
785.7719942274175
793.6766939726003
801.6605914346998
809.7245800837555
817.8695533898079
826.0964048228967
834.4060278530618
842.7993159503433
851.2771625847811
859.840461226415
868.490105345285
877.2269884114313
886.0520038948937
894.9660452657117
903.9700059939262
913.0647795495763
922.2512594027023
931.5303390233443
940.9029118815419
950.3698714473353
959.9321111907643
969.590524581869
979.3460050906892
989.1994461872648
999.1517413416362
1009.203784023843
1019.356470180983
1029.610801421565
1039.967922290283
1050.42898747786
1060.995151675024
1071.667569572499
1082.44739586101
1093.335785231284
1104.333892374045
1115.44287198002
1126.663878739932
1137.998067344508
1149.446592484474
1161.010608850554
1172.691271133473
1184.489734023958
1196.407152212734
1208.444680390526
1220.603473248059
1232.88468547606
1245.289471765252
1257.818986806363
1270.474385290116
1283.256821907238
1296.167451348454
1309.207428304489
1322.377933047708
1335.680354775722
1349.116184705722
1362.6869147456
1376.39403680325
1390.239042786564
1404.223424603437
1418.348674161761
1432.61628336943
1447.027744134337
1461.584548364376
1476.288187967439
1491.140154851421
1506.141940924214
1521.295038093712
1536.600938267808
1552.061133354396
1567.677115261368
1583.450375896618
1599.38240716804
1615.474700983527
1631.728749250972
1648.146043878268
1664.728076773308
1681.476339843987
1698.392325263469
1715.477636055075
1732.734157092664
1750.163817384573
1767.768545939138
1785.550271764695
1803.510923869581
1821.652431262133
1839.976722950686
1858.485727943577
1877.181375249142
1896.065593875719
1915.140312831643
1934.407461125251
1953.868967764879
1973.526761758863
1993.382772115541
2013.438927843248
2033.697157950321
2054.159391445097
2074.827557335911
2095.7035846311
2116.789402339
2138.08693946795
2159.598125026283
2181.324888022338
2203.269172033992
2225.433202175367
2247.81945820901
2270.430429072456
2293.26860370324
2316.336471038899
2339.636520016968
2363.171239574984
2386.943118650479
2410.954646180993
2435.20831110406
2459.706602357214
2484.452008877993
2509.447019603931
2534.694123472565
2560.19580942143
2585.954566388062
2611.972883309996
2638.253249124768
2664.798152769914
2691.610083182969
2718.69152930147
2746.044980062951
2773.672924404949
2801.577851264998
2829.762249580636
2858.228705553837
2886.980295817753
2916.020251232712
2945.351802715332
2974.97818118223
3004.902617550027
3035.128342735334
3065.65858765477
3096.496583224954
3127.645560362501
3159.108749984031
3190.889383006159
3222.990690345503
3255.415902918679
3288.168251642307
3321.250967433002
3354.667281207381
3388.420423882062
3422.513626373663
3456.9501195988
3491.73313447409
3526.865901916151
3562.3516528416
3598.193618167054
3634.395028809131
3670.95912000649
3707.889441494069
3745.190065163805
3782.865112138429
3820.918703540669
3859.354960493253
3898.178004118911
3937.39195554037
3977.000935880361
4017.009066261612
4057.420467806851
4098.239261638807
4139.469568880209
4181.115510653787
4223.181208082267
4265.670782288381
4308.588354394856
4351.93804552442
4395.723976799803
4439.950269343733
4484.621044278941
4529.740422728151
4575.312525814097
4621.341474659506
4667.831390387106
4714.786394119626
4762.210684766813
4810.109286271644
4858.487719496365
4907.351512132253
4956.706191870592
5006.557286402662
5056.910323419745
5107.770830613122
5159.144335674073
5211.036366293881
5263.452450163828
5316.398114975191
5369.878888419255
5423.900298187303
5478.467871970612
5533.587137460464
5589.263622348141
5645.502854324926
5702.310361082097
5759.691670310937
5817.652309702729
5876.19780694875
5935.333689740286
5995.065485768614
6055.398722725017
6116.338928366143
6177.89180954905
6240.063642657041
6302.860817024339
6366.289721985162
6430.356746873732
6495.068281024272
6560.430713771
6626.450434448137
6693.133832389907
6760.487296930528
6828.517217404222
6897.229983145208
6966.631983487709
7036.729607765946
7107.529245314139
7179.03728546651
7251.260117557278
7324.204130920665
7397.875714890891
7472.28125880218
7547.427151988749
7623.319783784819
7699.965543524616
7777.370820542355
7855.542004172259
7934.485560459214
8014.210084524182
8094.726525369065
8176.045953809461
8258.179440660968
8341.138056739179
8424.932872859694
8509.57495983811
8595.07538849002
8681.445229631025
8768.695554076723
8856.837432642707
8945.881936144575
9035.840135397922
9126.723101218351
9218.541904421452
9311.307615822827
9405.03130623807
9499.724046482776
9595.396907372546
9692.060959722974
9789.72727434966
9888.406922068198
9988.110973694185
10088.85050004322
10190.6365719309
10293.47952650314
10397.38501556237
10502.35684819295
10608.39882906951
10715.51476286669
10823.70845425913
10932.98370792146
11043.34432852833
11154.79412075435
11267.33688927417
11380.97643876242
11495.71657389375
11611.56109934277
11728.51381978414
11846.57853989248
11965.75906434243
12086.05919780862
12207.48274496569
12330.03351048828
12453.71529905102
12578.53191532855
12704.48716399549
12831.58484972649
12959.82877719619
13089.22275107921
13219.77065860655
13351.48858088983
13484.41757081171
13618.60173889794
13754.08519567425
13890.9120516664
14029.12641740014
14168.7724034012
14309.89412019533
14452.53567830828
14596.7411882658
14742.55476059362
14890.0205058175
15039.18253446318
15190.08495705641
15342.77188412293
15497.28742618849
15653.67569377883
15811.98079741969
15972.24684763684
16134.517954956
16298.83822990293
16465.25178300337
16633.80272478307
16804.53516576777
16977.49321648321
17152.71580684232
17330.16888285106
17509.76443928957
17691.41320613995
17875.0259133843
18060.5132910047
18247.78606898324
18436.75497730203
18627.33074594314
18819.42410488868
19012.94578412074
19207.80651362141
19403.91702337278
19601.18804335695
19799.530303556
19998.85453395204
20199.07146452715
20400.09182526342
20601.82634614295
20804.18575714784
21007.08078826017
21210.42216946203
21414.12063073553
21618.08690206275
21822.23171342578
22026.46579480672
