1
0.01941421738075544
-0.9610729318810853
-1.94136281442812
-2.921356796902944
-3.900956245948151
-4.880062528206342
-5.858577010320112
-6.836401058932058
-7.813436040684773
-8.789583322220857
-9.764744270182902
-10.73882025121351
-11.71171263195528
-12.6833227790508
-13.65355205914267
-14.62230183887348
-15.58947348488583
-16.55496836382233
-17.51868784232557
-18.48053328703813
-19.44040606460262
-20.39820754166163
-21.35383908485778
-22.30720206083363
-23.2581978362318
-24.20672777769488
-25.15269325186548
-26.09599562538616
-27.03653626489955
-27.97421653704824
-28.90893780847482
-29.84060144582187
-30.76910881573204
-31.69436128484787
-32.61626021981199
-33.53470698726697
-34.44960295385543
-35.36084948621995
-36.26834795100314
-37.17199971484761
-38.07170614439591
-38.96736860629068
-39.85888846717447
-40.74616709368993
-41.62910585247963
-42.50760611018616
-43.38156923345214
-44.25089658892013
-45.11548954323276
-45.97524946303263
-46.83007771496229
-47.6798756656644
-48.52454468178151
-49.36398612995623
-50.19810137683114
-51.02679178904886
-51.84995873325201
-52.66750357608313
-53.47932768418483
-54.28533242419974
-55.08541916277041
-55.87948926653951
-56.66744410214953
-57.44918503624316
-58.22461343546296
-58.99363066645151
-59.75613809585145
-60.51203709030531
-61.26122901645576
-62.00361524094536
-62.73909713041667
-63.46757605151239
-64.188953370875
-64.90313045514718
-65.61000867097148
-66.30948938499051
-67.00147396384689
-67.68586377418315
-68.36256018264197
-69.0314645558659
-69.69247826049754
-70.34550266317947
-70.99043913055432
-71.6271890292647
-72.25565372595312
-72.87573458726229
-73.48733297983473
-74.09035027031305
-74.68468782533986
-75.27024701155777
-75.84692919560933
-76.4146357441372
-76.9732680237839
-77.5227274011921
-78.06291524300434
-78.59373291586323
-79.11508178641141
-79.62686322129142
-80.12897858714589
-80.62132925061739
-81.10381657834857
-81.57634193698195
-82.03880669316017
-82.49111221352581
-82.93315986472149
-83.36485101338984
-83.78608702617333
-84.19676926971466
-84.59679911065643
-84.98607791564119
-85.36450705131158
-85.73198788431014
-86.08842178127952
-86.4337101088623
-86.76775423370103
-87.09045552243842
-87.40171534171692
-87.70143505817923
-87.98951603846794
-88.26585964922558
-88.53036725709484
-88.78294022871822
-89.02347993073839
-89.25188772979791
-89.46806499253938
-89.6719130856054
-89.86333337563859
-90.04222722928152
-90.20849601317678
-90.36204109396699
-90.50276383829473
-90.6305656128026
-90.74534778413317
-90.8470117189291
-90.93545878383294
-91.0105903454873
-91.07230777053475
-91.12051242561795
-91.15510567737942
-91.17598889246182
-91.18306343750768
-91.17623067915964
-91.15539198406033
-91.12044871885229
-91.07130225017814
-91.00785394468046
-90.93000516900184
-90.8376572897849
-90.73071167367225
-90.60906968730647
-90.47263269733014
-90.32130207038588
-90.15497917311625
-89.97356537216389
-89.77696203417136
-89.56507052578129
-89.33779221363628
-89.09502846437887
-88.83668064465171
-88.56265012109739
-88.27283826035848
-87.9671464290776
-87.64547599389734
-87.30772832146029
-86.95380477840907
-86.58360673138625
-86.19703554703443
-85.79399259199621
-85.37437923291418
-84.93809683643097
-84.48504676918914
-84.0151303978313
-83.52824908900004
-83.02430420933796
-82.50319712548767
-81.96482920409174
-81.40910181179277
-80.83591631523338
-80.24517408105612
-79.63677647590366
-79.01062486641855
-78.36662061924339
-77.70466510102077
-77.02465967839326
-76.32650571800355
-75.61010458649416
-74.87535765050768
-74.12216627668676
-73.35043183167394
-72.56005568211187
-71.75093919464308
-70.92298373591024
-70.07609067255589
-69.21016137122265
-68.32509719855315
-67.42079952118993
-66.4971697057756
-65.55410911895277
-64.59151912736402
-63.60930109765196
-62.60735639645918
-61.5855863904283
-60.54389244620188
-59.48217593042256
-58.40033820973287
-57.29828065077545
-56.17590462019292
-55.03311148462782
-53.86980261072281
-52.68587936512043
-51.4812431144633
-50.255795225394
-49.00943706455514
-47.74206999858936
-46.45359539413917
-45.14391461784722
-43.8129290363561
-42.46054001630839
-41.08664892434674
-39.69115712711366
-38.27396599125181
-36.83497688340375
-35.3740911702121
-33.89121021831949
-32.38623539436844
-30.85906806500159
-29.30960959686153
-27.73776135659084
-26.14342471083219
-24.52650102622806
-22.88689166942113
-21.22449800705397
-19.53922140576916
-17.83096323220937
-16.0996248530171
-14.34510763483498
-12.56731294430562
-10.76614214807161
-8.941496612775596
-7.093277705060078
-5.221386791567696
-3.325725238941054
-1.406194413822744
0.537304317144585
2.50486958731844
4.496600030056173
6.512594278715189
8.552950966652888
10.61776872722662
12.70714477807177
14.8210050344443
16.95894271689689
19.1205128214843
21.30527034426138
23.5127702812829
25.74256762860367
27.99421738227849
30.26727453836216
32.56129409290948
34.87583104197525
37.21044038161428
39.56467710788135
41.93809621683128
44.33025270451887
46.74070156699891
49.16899780032621
51.61469640055556
54.07735236374177
56.55652068593965
59.05175636320398
61.56261439158957
64.08864976715121
66.62941748594372
69.1844725440219
71.75336993744054
74.33566466225444
76.93091171451839
79.53866609028724
82.15848278561573
84.78991679655871
87.43252311917092
90.08585674950723
92.74947268362239
95.42292591757125
98.10577144740854
100.7975642691891
103.4978593789678
106.2062117727993
108.9221764467385
111.6453083968402
114.3751626191591
117.1112941097501
119.853257864668
122.6006088799676
125.3529021517037
128.109692675931
130.8705354487044
133.6349854660787
136.4025977241087
139.1729272188491
141.9455289463548
144.7199579026807
147.4957690838813
150.2725174860118
153.0497581051267
155.8270459372808
158.6039359785291
161.3799832249261
164.154742672527
166.9277693173863
169.6986181555589
172.4668441830996
175.2320023960632
177.9936477905045
180.7513353624782
183.5046201080393
186.2530570232425
188.9962011041425
191.7336073467943
194.4648307472525
197.1894263015722
199.9069490058078
202.6169538560143
205.3189958482466
208.0126299785593
210.6974112430073
213.3728946376455
216.0386351585286
218.6941878017113
221.3391075632486
223.9729494391951
226.5952684256058
229.2056195185353
231.8035577140386
234.3886380081704
236.9604153969855
239.5184448765387
242.0622814428848
244.5914800920787
247.105595820175
249.6041836232286
252.0867984972944
254.552995438427
257.0023294426815
259.4343555061124
261.8486286247745
264.244703794723
266.6221360120122
268.9804802726972
271.3192915728326
273.6381249084734
275.9365352756744
278.2140776704902
280.4703070889758
282.7047785271859
284.9170469811753
287.1066674469989
289.2731949207114
291.4161843983676
293.5351908760223
295.6297693497303
297.6994748155465
299.7438622695256
301.7624867077225
303.7549031261918
305.7206665209885
307.6593318881674
309.5704542237831
311.4535885238906
313.3082897845447
315.1341130018
316.9306131717116
318.6973452903339
320.4338643537221
322.1397253579308
323.8144832990149
325.457693173029
327.0689099760282
328.6476887040671
330.1935843532005
331.7061519194833
333.1849463989701
334.629522787716
336.0394360817756
337.4142412772037
338.7534933700553
340.0567473563848
341.3235582322474
342.5534809936977
343.7460706367906
344.9008821575808
346.0174705521232
347.0953908164725
348.1341979466836
349.1334469388112
350.0926927889103
351.0114904930354
351.8893950472414
352.7259614475832
353.5207446901157
354.2732997708934
354.9831816859714
355.6499454314043
356.2731460032468
356.8523383975541
357.3870776103806
357.8769186377814
358.321416475811
358.7201261205245
359.0726025679764
359.3784008142218
359.6370758553154
359.8481826873119
360.0112763062662
360.125911708233
360.1916438892672
360.2080278454237
360.1746185727569
360.090971067322
359.9566403251738
359.7711813423668
359.534149114956
359.2450986389962
358.9035849105422
358.5091629256488
358.0613876803707
357.5598141707628
357.0039973928799
356.3934923427768
355.7278540165082
355.006637410129
354.229397519694
353.395689341258
352.5050678708758
351.5570881046021
350.5513050384919
349.4872736685998
348.3645489909807
347.1826860016894
345.9412396967807
344.6397650723093
343.2778171243302
341.854950848898
340.3707212420676
338.8246832998939
337.2163920184315
335.5454023937352
333.8112694218601
332.0135480988606
330.1517934207919
328.2255603837084
326.2344039836652
324.177879216717
322.0555410789185
319.8669445663247
317.6116446749902
315.28919640097
312.8991547403187
310.4410746890913
307.9145112433425
305.3190193991271
302.6541541524998
299.9194704995156
297.1145234362291
294.2388679586954
291.2920590629689
288.2736517451048
285.1832010011575
282.0202618271821
278.7843892192334
275.475138173366
272.0920636856348
268.6347207520947
265.1026643688003
261.4954495318066
257.8126312371683
254.0537644809402
250.2184042591771
246.3061055679338
242.3164234032652
238.248912761226
234.103128637871
229.8786260292549
225.5749599314327
221.1916853404593
216.7283572523891
212.1845306632771
207.5597605691783
202.8536019661471
198.0656098502388
193.1953392175078
188.2423450640089
183.2061823857971
178.0864061789271
172.882571439454
167.5942331634321
162.2209463469163
156.7622659859617
151.2177470766229
145.5870001351018
139.8709126409812
134.0716490372255
128.1914292869456
122.2324733532529
116.1970011992584
110.0872327880734
103.9053880828089
97.65368704657614
91.33434964248629
84.94959583365045
78.50164558317991
71.99271885418577
65.42503560977912
58.80081581307118
52.12227942717311
45.39164641519602
38.6111367402512
31.7829703654497
24.90936725390273
17.99254736872132
11.03473067301684
4.038137129900349
-2.995013297516891
-10.06250064612396
-17.16210495280967
-24.29160625446252
-31.44878458797166
-38.63141999022577
-45.83729249811381
-53.06418214852471
-60.30986897834703
-67.57213302446974
-74.84875432378169
-82.13751291317175
-89.4361888295287
-96.74256210974158
-104.0544127906988
-111.3695209092896
-118.6856665024026
-126.0006296069267
-133.3121902597508
-140.6181284977637
-147.9162243578542
-155.2042578769109
-162.4800090918235
-169.7412580394799
-176.9857847567692
-184.2113692805804
-191.4157916478023
-198.5968318953239
-205.7522700600336
-212.8798861788205
-219.9774602885733
-227.042772426181
-234.0736026285327
-241.0677309325168
-248.022937375022
-254.9370019929378
-261.8077048231523
-268.6328259025549
-275.4101452680342
-282.1374429564789
-288.8124990047783
-295.4330934498207
-301.9970063284956
-308.502017677691
-314.9459075342963
-321.3264559352004
-327.6414429172916
-333.8886485174595
-340.0658527725922
-346.1708357195788
-352.2013773953082
-358.1552578366694
-364.0302570805511
-369.824155163842
-375.5347321234311
-381.1597679962074
-386.697042819059
-392.1443366288761
-397.499429462546
-402.7601013569586
-407.9241323490024
-412.9893024755658
-417.9533917735388
-422.8141802798087
-427.5694480312658
-432.2169750647978
-436.7545414172943
-441.1799271256439
-445.4909122267351
-449.6852767574576
-453.7608007546993
-457.7152642553492
-461.5464472962968
-465.2521299144302
-468.8300921466387
-472.278114029811
-475.5939756008355
-478.7754568966025
-481.8203379539988
-484.7263988099144
-487.4914195012381
-490.1131800648584
-492.5894605376652
-494.9180409565456
-497.0967013583897
-499.1232217800858
-500.9953822585229
-502.7109628305899
-504.2677435331758
-505.6635044031691
-506.8960254774584
-507.9630867929332
-508.8624683864823
-509.5919502949939
-510.1493125553573
-510.5323352044612
-510.7387982791944
-510.7664818164463
-510.6131658531052
-510.2766304260597
-509.7546555721988
-509.0450213284116
-508.1455077315875
-507.0538948186141
-505.7679626263807
-504.2854911917767
-502.6042605516902
-500.7220507430102
-498.6366418026258
-496.3458137674256
-493.8473466742987
-491.1390205601338
-488.2186154618198
-485.0839114162454
-481.7326884602992
-478.1627266308708
-474.3718059648484
-470.3577064991207
-466.1182082705768
-461.6510913161062
-456.9541356725965
-452.0251213769377
-446.8618284660176
-441.4620369767263
-435.8235269459512
-429.9440784105823
-423.8214714075075
-417.4534859736166
-410.8379021457974
-403.97249996094
-396.8550594559322
-389.4833606676627
-381.8551836330214
-373.9683083888965
-365.8205149721769
-357.409583419751
-348.7332937685082
-339.7894260553373
-330.5757603171271
-321.0900765907663
-311.330154913144
-301.2937753211486
-290.9787178516692
-280.382762541595
-269.5036894278142
-258.3392785472158
-246.8873099366886
-235.145563633122
-223.1118196734049
-210.7838580944247
-198.1594589330716
-185.2364022262338
-172.0124680108006
-158.4854363236607
-144.6530872017026
-130.5132006818155
-116.0635568008884
-101.3019355958097
-86.22611710346882
-70.83388136075382
-55.1230084045535
-39.09127827175757
-22.73647099925415
-6.056366623933172
10.95125481731839
28.28861328760991
45.95792875005372
63.96142116776082
82.30131050384125
100.9798167214078
119.9991597835703
139.361559653441
159.0692362941304
179.1244096687494
199.5292997404099
220.2861264722228
241.3971098272991
262.8644697687498
284.6904262596863
306.8771992632201
329.427008742462
352.3420746605232
375.6246169805147
399.2768556655471
423.3010106787333
447.699301983183
472.4739495420081
497.6271733183194
523.1611932752271
549.0782293758446
575.3805015832813
602.0702298606493
629.1496341710592
656.6209344776216
684.486350743449
712.7481029316522
741.4084110053417
770.4694949276292
799.9335746616252
829.8028701704419
860.0796014171901
890.7659883649807
921.8642509769251
953.3766092161331
985.3052830457184
1017.65249242879
1050.420457328461
1083.611397707841
1117.227533530041
1151.271084758173
1185.744271355348
1220.649313284678
1255.988430509273
1291.763842992243
1327.977770696702
1364.632433585759
1401.730051622527
1439.272844770116
1477.263032991635
1515.702836250199
1554.594474508918
1593.940167730903
1633.742135879264
1674.002598917112
1714.723776807561
1755.90788951372
1797.5571569987
1839.673511397482
1882.256379674282
1925.303898896876
1968.81419547274
2012.785395809353
2057.215626314191
2102.103013394729
2147.445683458445
2193.241762912816
2239.489378165318
2286.186655623428
2333.331721694621
2380.922702786375
2428.957725306168
2477.434915661473
2526.352400259771
2575.708305508536
2625.500757815245
2675.727883587374
2726.387809232401
2777.478661157802
2828.998565771053
2880.945649479632
2933.318038691014
2986.113859812678
3039.331239252098
3092.968303416752
3147.023178714117
3201.49399155167
3256.378868336884
3311.675935477241
3367.383319380214
3423.49914645328
3480.021543103917
3536.948635739601
3594.278550767807
3652.009414596015
3710.139353631699
3768.666494282336
3827.588962955404
3886.904886058378
3946.612389998737
4006.709601183954
4067.194646021508
4128.065650918876
4189.320742283534
4250.958046522957
4312.975690044625
4375.371799256011
4438.144500564595
4501.291920377857
4564.812185103263
4628.703421148295
4692.96375492043
4757.591312827146
4822.584221275916
4887.940606674221
4953.658595429534
5019.736313949334
5086.171888641096
5152.963445912297
5220.109112170416
5287.607013822927
5355.455277277305
5423.652028941031
5492.19539522158
5561.083502526428
5630.314477263051
5699.886445838927
5769.797534661532
5840.045870138343
5910.629578676835
5981.546786684488
6052.795620568776
6124.374206737176
6196.280671597166
6268.51314155622
6341.069743021817
6413.948602401432
6487.147846102543
6560.665600532628
6634.499992099158
6708.649147209615
6783.111192271474
6857.884253692213
6932.966457879306
7008.35593124023
7084.050800182464
7160.049191113481
7236.349230440762
7312.949044571781
7389.846759914016
7467.040502874941
7544.528399862034
7622.308577282774
7700.379161544636
7778.738279055096
7857.384056221629
7936.314619451713
8015.528095152828
8095.022609732446
8174.796289598044
8254.847261157101
8335.173650817094
8415.773584985498
8496.64519006979
8577.786592477449
8659.195918615946
8740.87129489276
8822.810847715369
8905.012703491251
8987.474988627881
9070.195829532733
9153.173352613287
9236.405684277019
9319.890950931405
9403.627278983924
9487.612794842051
9571.845624913258
9656.323895605028
9741.045733324836
9826.009264480155
9911.212615478467
9996.653912727248
10082.33128263397
10168.24285160612
10254.38674605116
10340.76109237657
10427.36401698984
10514.19364629843
10601.24810670983
10688.52552463151
10776.02402647094
10863.74173863561
10951.67678753299
11039.82729957056
11128.19140115579
11216.76721869615
11305.55287859914
11394.54650727222
11483.74623112287
11573.15017655857
11662.75646998679
11752.56323781501
11842.56860645071
11932.77070230136
12023.16765177444
12113.75758127742
12204.5386172178
12295.50888600303
12386.66651404059
12478.00962773798
12569.53635350264
12661.24481774208
12753.13314686376
12845.19946727516
12937.44190538376
13029.85858759702
13122.44764032244
13215.20718996749
13308.13536293963
13401.23028564636
13494.49008449514
13587.91288589346
13681.49681624878
13775.2400019686
13869.14056946037
13963.19664513158
14057.40635538971
14151.76782664223
14246.27918529663
14340.93855776036
14435.74407044092
14530.69384974578
14625.78602208241
14721.0187138583
14816.39005148092
14911.89816135773
15007.54116989624
15103.3172035039
15199.2243885882
15295.26085155661
15391.42471881661
15487.71411677567
15584.12717184128
15680.66201042091
15777.31675892203
15874.08954375212
15970.97849131866
16067.98172802913
16165.097380291
16262.32357451174
16359.65843709885
16457.10009445978
16554.64667300202
16652.29629913305
16750.04709926034
16847.89719979137
16945.84472713361
17043.88780769455
17142.02456788165
17240.2531341024
17338.57163276426
17436.97819027473
17535.47093304127
17634.04798747137
17732.70747997249
17831.44753695211
17930.26628481772
18029.16184997679
18128.13235883679
18227.1759378052
18326.2907132895
18425.47481169716
18524.72635943567
18624.04348291249
18723.42430853511
18822.866962711
18922.36957184763
19021.93026235249
19121.54716063305
19221.21839309679
19320.94208615118
19420.71636620371
19520.53935966184
19620.40919293306
19720.32399242483
19820.28188454465
19920.28099569997
20020.31945229829
20120.39538074708
20220.50690745381
20320.65215882596
20420.829261271
20521.03634119642
20621.2715250097
20721.5329391183
20821.8187099297
20922.12696385138
21022.45582729082
21122.8034266555
21223.16788835288
21323.54733879045
21423.93990437569
21524.34371151606
21624.75688661905
21725.17755609213
21825.60384634279
21926.03388377849
22026.46579480672
