1
1.011492579394019
1.022988809754671
1.034492342048589
1.046006827242405
1.057535916302754
1.069083260196268
1.080652509889579
1.092247316349321
1.103871330542127
1.115528203434631
1.127221585993463
1.138955129185259
1.15073248397665
1.16255730133427
1.174433232224752
1.186363927614728
1.198353038470832
1.210404215759697
1.222521110447956
1.23470737350224
1.246966655889185
1.259302608575422
1.271718882527585
1.284219128712306
1.296806998096219
1.309486141645956
1.322260210328151
1.335132855109436
1.348107726956445
1.36118847683581
1.374378755714164
1.387682214558141
1.401102504334373
1.414643276009493
1.428308180550135
1.442100868922931
1.456024992094514
1.470084201031518
1.484282146700574
1.498622480068317
1.513108852101379
1.527744913766394
1.542534316029993
1.557480709858811
1.572587746219479
1.587859076078632
1.603298350402901
1.618909220158921
1.634695336313324
1.650660349832743
1.666807911683811
1.683141672833161
1.699665258117916
1.71638139238713
1.733291694272589
1.750397714479567
1.767701003713333
1.78520311267916
1.802905592082319
1.820809992628081
1.838917865021719
1.857230759968503
1.875750228173705
1.894477820342596
1.913415087180449
1.932563579392534
1.951924847684122
1.971500442760487
1.991291915326898
2.011300816088627
2.031528695750946
2.051977105019127
2.072647594598441
2.093541715194159
2.114661017511552
2.136007052255893
2.157581370132453
2.179385521846502
2.201421058103314
2.223689529608159
2.246192487066308
2.268931481183034
2.291908062663607
2.3151237822133
2.338580190537383
2.362278838341128
2.386221276329806
2.41040905520869
2.43484372568305
2.459526838458159
2.484459944239286
2.509644593731705
2.535082337640685
2.560774726671501
2.586723311529421
2.612929642919719
2.639395271547664
2.666121748118531
2.693110623337588
2.720363447910108
2.747881772541362
2.775667147936622
2.803721124801159
2.832045253840245
2.860641085759152
2.889510401621944
2.918656472344933
2.9480831616134
2.9777943346311
3.007793856601792
3.038085592729231
3.068673408217176
3.099561168269384
3.130752738089611
3.162251982881614
3.194062767849152
3.226188958195981
3.258634419125857
3.29140301584254
3.324498613549786
3.357925077451351
3.391686272750993
3.425786064652469
3.460228318359535
3.49501689907595
3.530155672005471
3.565648502351854
3.601499255318857
3.637711796110238
3.674289989929752
3.711237701981158
3.748558797468211
3.786257141594671
3.824336599564292
3.862801036580835
3.901654317848053
3.940900308569707
3.980542873949551
4.020585879191344
4.061033189498843
4.101888670075804
4.143156186125985
4.184839602853144
4.226942785461036
4.26946959915342
4.312423909134053
4.355809580606691
4.399630478775093
4.443890468843013
4.488593416014211
4.533743185492445
4.579343642481469
4.625398652185042
4.67191207980692
4.718887790550861
4.766329649620622
4.814241522219962
4.862627280675882
4.911491556596763
4.96084040401834
5.010680033345916
5.061016654984797
5.111856479340283
5.163205716817681
5.215070577822292
5.267457272759421
5.320372012034371
5.373821006052443
5.427810465218945
5.482346599939177
5.537435620618446
5.593083737662051
5.649297161475296
5.706082102463488
5.763444771031928
5.821391377585919
5.879928132530766
5.939061246271772
5.998796929214241
6.059141391763474
6.120100844324777
6.181681497303453
6.243889561104804
6.306731246134134
6.370212762796749
6.434340321497949
6.499120132643038
6.564558406637322
6.630661353886101
6.697435184794681
6.764886109768365
6.833020339212456
6.901844083532257
6.971363553133072
7.041584958420206
7.112514509798958
7.184158417674636
7.256522892452542
7.329614144537977
7.403438384336251
7.47800182225266
7.553310668692511
7.629371134061108
7.706189428763752
7.783771763205748
7.8621243477924
7.941253392929011
8.021165109020883
8.101865706473319
8.183361395691628
8.265658621449429
8.348766386623337
8.432695268742116
8.517455868376651
8.603058786097835
8.689514622476549
8.776833978083687
8.865027453490134
8.954105649266779
9.044079165984511
9.134958604214216
9.226754564526786
9.319477647493104
9.413138453684061
9.507747583670545
9.603315638023444
9.699853217313645
9.797370922112037
9.89587935298951
9.995389110516948
10.09591079526524
10.19745500780528
10.30003234870795
10.40365341854414
10.50832881788474
10.61406914730063
10.72088500736271
10.82878699864185
10.93778572170896
11.04789177713492
11.15911576549061
11.27146828734693
11.38495994327476
11.49960133384499
11.61540305962851
11.73237572119621
11.85052991911897
11.96987625396769
12.09042532631324
12.21218773672653
12.33517408577843
12.45939497403984
12.58486100208164
12.71158277047472
12.83957087978998
12.96883593059829
13.09938852347054
13.23123925897764
13.36439873769045
13.49887756017987
13.6346863270168
13.7718356387721
13.91033609743998
14.05019994695849
14.19144423558395
14.33408688565116
14.47814581949489
14.62363895944995
14.77058422785114
14.91899954703323
15.06890283933104
15.22031202707936
15.37324503261296
15.52771977826666
15.68375418637524
15.84136617927349
16.00057367929623
16.16139460877822
16.32384689005427
16.48794844545918
16.65371719732773
16.82117106799472
16.99032797979494
17.16120585506319
17.33382261613426
17.50819618534295
17.68434448502404
17.86228543751234
18.04203696514263
18.22361699024971
18.40704343516837
18.59233422223341
18.77950727377963
18.9685805121418
19.15957185965473
19.35249923865322
19.54738057147205
19.74423378044602
19.94307678790992
20.14392751619855
20.34680388764669
20.55172382458916
20.75870524936073
20.9677660842962
21.17892425173037
21.39219767399802
21.60760427343396
21.82516197237297
22.04488869314985
22.2668023580994
22.49092088955641
22.71726220985567
22.94584424133197
23.17668490632011
23.40980212715487
23.64521412773508
23.882945280548
24.12302569865335
24.36548571495096
24.61035566234069
24.8576658737224
25.10744668199592
25.35972842006111
25.61454142081783
25.87191601716592
26.13188254200523
26.39447132823562
26.65971270875694
26.92763701646904
27.19827458427176
27.47165574506498
27.74781083174851
28.02677017722223
28.30856411438599
28.59322297613963
28.880777095383
29.17125680501597
29.46469243793837
29.76111432705006
30.06055280525089
30.36303820544071
30.66860086051938
30.97727110338674
31.28907926694263
31.60405568408693
31.92223068771947
32.24363461074012
32.56829778604871
32.8962505465451
33.22752322512914
33.56214615470068
33.90014966815958
34.24156409840568
34.58641977833884
34.93474704085889
35.28657621886571
35.64193764525914
36.00086165293903
36.36337857480522
36.72951874375758
37.09931249269595
37.47279015452018
37.84998206213014
38.23091854842566
38.61562994630658
39.00414658867279
39.39649880842411
39.7927169384604
40.19283429443647
40.59689816727785
41.0049599374349
41.4170709858694
41.83328269354316
42.25364644141793
42.67821361045554
43.10703558161774
43.54016373586636
43.97764945416316
44.41954411746995
44.8658991067485
45.3167658029606
45.77219558706805
46.23223984003263
46.69694994281613
47.16637727638035
47.64057322168706
48.11958915969807
48.60347647137516
49.09228653768012
49.58607073957472
50.08488045802078
50.58876707398007
51.09778196841439
51.61197652228552
52.13140211655525
52.65611013218537
53.18615195013767
53.72157895137395
54.26244251685598
54.80879402754557
55.36068486440448
55.91816640839452
56.48129004047748
57.05010714161513
57.62466909276928
58.20502727490171
58.7912330689742
59.38333785594856
59.98139301678656
60.58544993245001
61.19555998390068
61.81177455210036
62.43414501801085
63.06272276259394
63.6975591668114
64.33870561162504
64.98621347799664
65.64013414688799
66.30051899926086
66.96741941607706
67.6408870737335
68.32098760556681
69.00780635120998
69.7014301386687
70.40194579594873
71.10944015105576
71.82400003199551
72.54571226677368
73.27466368339599
74.01094110986817
74.75463137419592
75.50582130438498
76.26459772844103
77.03104747436981
77.80525737017703
78.58731424386839
79.37730492344963
80.17531623692642
80.98143501230454
81.79574807758966
82.61834226078749
83.44930438990377
84.28872129294422
85.13667979791454
85.99326673282044
86.85856892566764
87.73267320446186
88.61566639720881
89.50763533191419
90.40866683658375
91.31884773922319
92.23826486783821
93.16700505043453
94.10515511501788
95.05280188959398
96.0100322021685
96.97693288074721
97.9535907533358
98.94009264793998
99.93652539256546
100.942975815218
101.9595307439033
102.986277006627
104.0233014313949
105.0706908462126
106.128532079086
107.1969119580207
108.2759173110224
109.3656349660969
110.4661517512498
111.5775544944869
112.6999300238139
113.8333651672365
114.9779517292757
116.1338195630451
117.3011160847022
118.4799888047742
119.670585233788
120.8730528822707
122.0875392607493
123.3141918797509
124.5531582498026
125.8045858814313
127.0686222851641
128.3454149715281
129.6351114510502
130.9378592342577
132.2538058316774
133.5830987538364
134.9258855112618
136.2823136144807
137.65253057402
139.0366839004068
140.4349211041682
141.8473896958311
143.2742371859227
144.71561108497
146.1716589035001
147.6425281520399
149.1283663411165
150.6293209812569
152.1455395829883
153.6771696568377
155.224358713332
156.7872542629983
158.3660038163638
159.9607548839554
161.5716549763001
163.198851603925
164.8424922773572
166.5027245071237
168.1796958037516
169.8735536777679
171.5844456396995
173.3125192000737
175.0579218694174
176.8208011582576
178.6013045771214
180.3995796365359
182.2157738470281
184.0500347191251
185.9025097633538
187.7733464902414
189.6626924103148
191.5706950341012
193.4975020279047
195.4432900496341
197.408298564633
199.3927752530606
201.3969677950757
203.4211238708374
205.4654911605045
207.5303173442363
209.6158501021916
211.7223371145295
213.8500260614089
215.9991646229888
218.1700004794283
220.3627813108863
222.5777547975218
224.8151686194938
227.0752704569613
229.3583079900834
231.664528899019
233.9941808639271
236.3475115649667
238.7247686822967
241.1261998960763
243.5520528864644
246.0025753336199
248.478014917702
250.9786193188695
253.5046362172815
256.0563132930969
258.6338982264749
261.2376386975742
263.8677823865541
266.5245769735734
269.2082701387911
271.9191095623663
274.657342924458
277.423217905225
280.2169821848266
283.0388834434215
285.8891693611689
288.7680876182278
291.675885894757
294.6128118709156
297.5791132268627
300.5750376427571
303.6008327987581
306.6567463750243
309.743026051715
312.859919508989
316.0076744270055
319.1865384859234
322.3967593659016
325.6385847470992
328.9122698281878
332.218169354164
335.5567085734839
338.9283142269938
342.3334130555396
345.7724317999676
349.2457972011238
352.7539359998543
356.2972749370054
359.8762407534229
363.4912601899533
367.1427599874423
370.8311668867364
374.5569076286815
378.3204089541238
382.1220976039092
385.9624003188841
389.8417438398945
393.7605549077866
397.7192602634063
401.7182866475999
405.7580608012135
409.8390094650932
413.961559380085
418.1261372870352
422.3331699267899
426.5830840401949
430.8763063680968
435.2132636513413
439.5943826307748
444.0200900472432
448.490812641593
453.0069771546698
457.56901032732
462.1773389003897
466.8323896147249
471.5345892111719
476.2843644305766
481.0821420137853
485.928348701644
490.823411234999
495.7677563546961
500.7618108015816
505.8060013165018
510.9007546403024
516.0464975138299
521.2436566779303
526.4926588734494
531.7939308412339
537.1478993221294
542.5549910569822
548.0156327866385
553.5302512584473
559.0993252168066
564.7235110973818
570.403503260649
576.1399960670847
581.933683877165
587.7852610513665
593.6954219501657
599.664860934039
605.6942723634621
611.7843505989127
617.9357900008656
624.1492849297979
630.4255297461859
636.765218810506
643.1690464832345
649.6377071248479
656.1718950958224
662.7723047566344
669.4396304677604
676.1745665896764
682.9778074828592
689.8500475077849
696.7919810249301
703.8043023947708
710.8877059777838
718.042886134445
725.2705372252311
732.5713536106183
739.946029651083
747.3952597071018
754.9197381391506
762.5201593077061
770.1972175732445
777.9516072962423
785.7840228371759
793.6951585565215
801.6857088147555
809.7563679723542
817.9078303897941
826.1407904275516
834.4559424461027
842.8539808059243
851.3355998674923
859.9014939912834
868.5523575377738
877.2888848674398
886.111770340758
895.0217083182044
904.0193931602557
913.1055192273882
922.2807808800782
931.5458724788019
940.9014987535195
950.3486352071518
959.8885473610001
969.5225149606239
979.2518177515817
989.0777354794328
999.0015478897362
1009.024534728051
1019.147975739936
1029.37315067095
1039.701339266652
1050.133821272602
1060.671876434358
1071.316784497478
1082.069825207524
1092.932278310052
1103.905423550622
1114.990540674793
1126.188909428125
1137.501809556175
1148.930520804504
1160.47632291867
1172.140495644232
1183.924318726748
1195.829071911779
1207.856034944883
1220.006487571619
1232.281709537546
1244.682980588223
1257.211580469209
1269.868788926063
1282.655885704344
1295.57415054961
1308.624863207422
1321.809303423337
1335.128750942916
1348.584485511716
1362.177786875298
1375.909934779219
1389.782208969038
1403.795889190316
1417.952255188611
1432.252586709482
1446.698163498487
1461.290265301186
1476.030171863138
1490.919162929901
1505.958518247036
1521.1495175601
1536.493440614653
1551.991567156254
1567.645176930461
1583.455549682834
1599.424024465927
1615.552266309517
1631.84205165072
1648.295157023224
1664.913358960718
1681.698433996888
1698.652158665423
1715.776309500012
1733.072663034342
1750.5429958021
1768.189084336975
1786.012705172654
1804.015634842827
1822.199649881179
1840.566526821401
1859.118042197178
1877.8559725422
1896.782094390154
1915.898184274728
1935.206018729611
1954.707374288489
1974.404027485052
1994.297754852986
2014.39033292598
2034.683538237722
2055.1791473219
2075.878936712201
2096.784682942314
2117.898162545926
2139.221152056726
2160.7554280084
2182.502766934639
2204.464945369128
2226.643739845557
2249.040926897613
2271.658283058983
2294.497584863357
2317.560608844421
2340.849131535864
2364.364929471374
2388.109779184639
2412.085457209346
2436.293740079183
2460.736404327839
2485.415226489002
2510.331983096358
2535.488450683597
2560.886405784406
2586.527624932473
2612.413884661486
2638.546961505133
2664.928631997102
2691.560686762742
2718.445879422827
2745.588528033484
2772.993093981305
2800.66403865288
2828.605823434799
2856.822909713653
2885.319758876032
2914.100832308526
2943.170591397725
2972.533497530221
3002.194012092605
3032.156596471464
3062.42571205339
3093.005820224974
3123.901382372806
3155.116859883475
3186.656714143574
3218.525406539691
3250.727398458418
3283.267151286345
3316.149126410062
3349.377785216159
3382.957589091227
3416.892999421857
3451.188477594638
3485.848484996162
3520.877483013017
3556.279933031795
3592.060296439086
3628.223034621481
3664.77260896557
3701.713480857944
3739.050111685191
3776.786962833904
3814.928495690671
3853.479171642085
3892.443452074735
3931.825798375212
3971.630671930105
4011.862534126005
4052.525846349502
4093.625069987188
4135.164666425652
4177.149097051486
4219.582823251278
4262.470306411619
4305.8160079191
4349.624389160312
4393.899911521844
4438.647036390286
4483.870225152231
4529.573939194266
4575.762484073883
4622.438747837552
4669.604861874695
4717.262950476102
4765.415137932562
4814.063548534867
4863.210306573806
4912.85753634017
4963.007362124748
5013.661908218333
5064.823298911714
5116.493658495682
5168.675111261025
5221.369781498535
5274.579793499002
5328.307271553218
5382.554339951971
5437.323122986053
5492.615744946252
5548.43433012336
5604.781002808168
5661.657887291464
5719.067107864043
5777.01078881669
5835.491054440197
5894.510029025356
5954.069836862956
6014.172602243786
6074.820449458641
6136.015502798306
6197.759886553574
6260.055725015233
6322.905142474077
6386.310263220895
6450.273211546475
6514.796111741611
6579.88108809709
6645.530264903705
6711.745766452244
6778.529717033499
6845.884240938259
6913.811462457317
6982.31350588146
7051.39249550148
7121.050555608167
7191.289810492312
7262.112384444705
7333.520401756135
7405.515986717394
7478.101263619271
7551.278356752558
7625.049390408045
7699.416503130942
7774.387397970386
7849.983763675074
7926.229451442287
8003.148312469312
8080.764197953424
8159.100959091908
8238.182447082047
8318.032513121121
8398.67500840641
8480.133784135198
8562.432691504768
8645.595581712398
8729.646305955375
8814.608715430975
8900.506661336483
8987.36399486918
9075.204567226348
9164.052229605268
9253.930833203223
9344.864229217495
9436.876268845363
9529.990803284112
9624.231683731023
9719.622761383376
9816.187887438455
9913.950913093538
10012.93568954591
10113.16606799285
10214.66589963165
10317.45903565957
10421.56932727392
10527.02062567196
10633.83678205098
10742.04164760826
10851.65907354108
10962.71291104673
11075.22701132248
11189.22522556562
11304.73140497343
11421.76940074319
11540.36306407218
11660.53624615769
11782.31279819699
11905.71657138737
12030.77141692611
12157.5011860105
12285.9297298378
12416.08089960531
12547.97854651031
12681.64652175008
12817.10867652189
12954.38886202304
13093.50901891614
13234.45997385234
13377.20723997511
13521.71559549647
13667.94981862846
13815.87468758309
13965.45498057241
14116.65547580843
14269.44095150318
14423.7761858687
14579.62595711701
14736.95504346014
14895.72822311011
15055.91027427897
15217.46597517872
15380.36010402141
15544.55743901905
15710.02275838369
15876.72084032734
16044.61646306203
16213.6744047998
16383.85944375267
16555.13635813266
16727.46992615182
16900.82492602215
17075.1661359557
17250.45833416449
17426.66629886055
17603.75480825591
17781.68864056259
17960.43257399263
18139.95138675805
18320.20985707087
18501.17276314313
18682.80488318687
18865.07099541409
19047.93587803684
19231.36430926713
19415.32106731701
19599.77093039849
19784.6786767236
19970.00908450439
20155.72693195285
20341.79699728104
20528.18405870098
20714.85289442468
20901.7682826642
21088.89500163154
21276.19782953875
21463.64154459783
21651.19092502084
21838.8107490198
22026.46579480672
