1
1.010377135175833
1.020765371678799
1.031175810836032
1.041619553974664
1.052107702421828
1.062651357504659
1.073261620550287
1.083949592885848
1.094726375838474
1.105603070735297
1.116590778903452
1.127700601670071
1.138943547026367
1.150325787646646
1.161846410991741
1.173503940514498
1.185296899667761
1.197223811904377
1.209283200677191
1.221473589439048
1.233793501642795
1.246241460741275
1.258815990187336
1.271515613433822
1.28433885393358
1.297284447214418
1.31035325166831
1.323547348436775
1.336868833354276
1.350319802255277
1.363902350974244
1.377618575345638
1.391470571203925
1.405460434383567
1.419590260719029
1.433862146044774
1.448278186195267
1.462840476974218
1.477550968490722
1.492411128485186
1.507422325004407
1.52258592609518
1.537903299804301
1.553375814178567
1.569004837264773
1.584791737109715
1.60073788176019
1.616844639262993
1.633113377664921
1.649545465012769
1.666142274885579
1.682905375012059
1.699836573853855
1.716937694856795
1.734210561466705
1.751656997129414
1.76927882529075
1.78707786939654
1.805055952892613
1.823214899224795
1.841556531838915
1.8600826741808
1.878795149696279
1.89769579514379
1.916786554969063
1.9360694257786
1.955546404520957
1.975219488144691
1.995090673598355
2.015161957830506
2.035435337789699
2.055912810424489
2.076596372683433
2.097488021515085
2.118589753868001
2.139903566788401
2.161431525782615
2.18317588463118
2.205138929198453
2.227322945348789
2.249730218946546
2.272363035856078
2.295223681941744
2.318314443067897
2.341637605098895
2.365195453899094
2.38899027533285
2.413024355264519
2.437299985183441
2.461819598261989
2.486585776550912
2.511601109166125
2.536868185223542
2.562389593839074
2.588167924128637
2.614205765208143
2.640505706193505
2.667070336200636
2.693902244345451
2.721004019743862
2.748378251511783
2.776027562855538
2.803954802116591
2.832162908928835
2.860654823186674
2.889433484784514
2.91850183361676
2.947862809577816
2.977519352562088
3.007474402463981
3.0377308991779
3.06829178259825
3.099159992619436
3.130338469588047
3.161830263323431
3.193638674941635
3.225767040680711
3.258218696778708
3.290996979473678
3.324105225003672
3.357546769606742
3.391324949520937
3.425443100984308
3.459904560234907
3.494712663510783
3.52987074704999
3.565382159193112
3.60125047627851
3.637479477743891
3.674072950128922
3.711034679973273
3.748368453816615
3.786078058198616
3.824167279658946
3.862639904737275
3.901499719973271
3.940750511906605
3.980396067076946
4.020440172023962
4.060886675104907
4.101739760329107
4.143003725087325
4.184682866858744
4.22678148312256
4.269303871357959
4.312254329044133
4.355637153660271
4.399456642685564
4.4437170935992
4.488422803880371
4.533578071008267
4.579187194030366
4.625254655934797
4.671785293860208
4.718783985206983
4.766255607375503
4.814205037766153
4.862637153779318
4.91155683281538
4.960968952274723
5.010878389557731
5.061290022064785
5.112208727196272
5.163639382352573
5.215586889539341
5.268056508079511
5.321053766913637
5.374584201610374
5.428653347738388
5.483266740866335
5.538429916562876
5.594148410396672
5.650427757936382
5.707273494750665
5.764691156408184
5.822686278477597
5.881264396527564
5.940431156972894
6.000192703162175
6.060555317643061
6.121525282970023
6.18310888169753
6.245312396380051
6.308142109572057
6.371604303828019
6.435705261702407
6.50045126574969
6.565848598524338
6.631903542580823
6.698622384951504
6.766011717126345
6.834078624318526
6.902830236868051
6.972273685114922
7.042416099399145
7.113264610060723
7.184826347439656
7.257108441875951
7.33011802370961
7.403862223280638
7.478348170929034
7.553582996994805
7.62957388024134
7.706328553820708
7.783855104544471
7.86216162494092
7.941256207538343
8.021146944865034
8.101841929449279
8.183349253819369
8.265677010503596
8.348833292030251
8.432826190927621
8.517663799723998
8.603354210950624
8.689905713307759
8.777327322823716
8.865628224055433
8.954817601559848
9.044904639893902
9.135898523614534
9.22780843727868
9.320643565443284
9.414413092665281
9.509126203501612
9.604792082509215
9.701419914245029
9.799018894577992
9.89759871669807
9.997169755261741
10.09774243421604
10.199327177508
10.30193440908466
10.40557455289305
10.51025803288022
10.61599527299319
10.722796697179
10.83067272938469
10.93963379355729
11.04969031364383
11.1608528063669
11.27313264002234
11.38654164079049
11.50109163925529
11.61679446600067
11.73366195161057
11.85170592666892
11.97093822175965
12.0913706674667
12.213015094374
12.33588333306549
12.45998721412511
12.58533856832187
12.71194956894096
12.83983344159024
12.96900361330612
13.09947351112498
13.23125656208323
13.36436619321726
13.49881583156347
13.63461890415824
13.77178883803798
13.91033906023908
14.05028299779794
14.19163407775095
14.33440575339492
14.47861228041265
14.62426884554865
14.77139068772158
14.91999304585011
15.0700911588529
15.22170026564863
15.37483560515597
15.52951241629358
15.68574593798012
15.84355140913428
16.0029440686747
16.16393915552008
16.32655208240639
16.49079955718248
16.6566988723025
16.82426732306793
16.9935222047802
17.16448081274079
17.33716044225117
17.51157838861278
17.68775194712708
17.86569841309554
18.04543508181961
18.22697924860075
18.41034821010372
18.59555985206439
18.78263356637635
18.97158898221797
19.16244572876762
19.35522343520365
19.54994173070443
19.74662024444832
19.94527860561368
20.14593644337888
20.34861338692226
20.5533290654222
20.76010310805706
20.96895520131111
21.1799063113444
21.39297866303763
21.60819453438603
21.8255762033848
22.04514594802916
22.26692604631433
22.49093877623551
22.71720641578794
22.94575124296681
23.17659553576735
23.40976157218477
23.64527163021428
23.88314830738735
24.12341615117867
24.36610044448656
24.61122647156192
24.85881951665566
25.10890486401866
25.36150779790186
25.61665360255615
25.87436756223244
26.13467496118164
26.39760108365466
26.66317121390241
26.93141064184227
27.20234565515066
27.47600467512726
27.75241639795133
28.03160951980208
28.31361273685879
28.5984547453007
28.88616424130706
29.1767699210571
29.47030048073008
29.76678461650523
30.06625102456182
30.36872840107909
30.67424556151936
30.98283333999329
31.29452425357457
31.60935087078606
31.92734576015059
32.24854149019102
32.5729706294302
32.90066574639097
33.23165940959617
33.56598418756865
33.90367264883127
34.24475736190686
34.58927089531829
34.93724639552993
35.2887199145436
35.64372841544982
36.00230886166004
36.36449821658571
36.73033344363828
37.09985150622919
37.47308936776989
37.85008399167183
38.23087234134645
38.61549138020521
39.00397807165952
39.39636939707472
39.79270400321523
40.19302352918157
40.59736992633248
41.00578514602672
41.41831113962302
41.83498985848014
42.25586325395682
42.6809732774118
43.11036188020383
43.54407101369166
43.98214262923404
44.4246186781897
44.87154135112409
45.32295598979491
45.77891015992383
46.23945147390462
46.70462754413102
47.17448598299681
47.64907440289576
48.12844041622161
48.61263163536815
49.10169567272913
49.59568014069831
50.09463265166945
50.59860081803632
51.10763328286619
51.62178297150409
52.14110392129269
52.66565016957689
53.19547575370149
53.73063471101141
54.27118107885146
54.81716889456656
55.3686521955015
55.92568501900117
56.48832140241043
57.05661538307413
57.6306210468551
58.21039522136064
58.79599888929356
59.3874933799509
59.98494002262966
60.5884001466269
61.19793508123964
61.81360615576491
62.43547469949974
63.06360204174114
63.69804951178618
64.33887843893187
64.98615015247522
65.63992644716362
66.30027398725427
66.96726233931905
67.64096110860379
68.32143990035433
69.00876831981657
69.70301597223636
70.4042524628595
71.1125473969319
71.82797037969939
72.55059101640784
73.28047891230307
74.01770367283416
74.76233671812598
75.51445570665213
76.27413963638725
77.04146750530593
77.81651831138282
78.59937105259253
79.3901047269097
80.18879833230892
80.99553086676482
81.81038132825203
82.63342871474521
83.46475202421891
84.30443037272966
85.15254733236371
86.00919218717215
86.87445459533976
87.7484242150513
88.63119070449159
89.52284372184539
90.42347292529746
91.3331679730326
92.25201852323562
93.18011423409125
94.11754476378427
95.06439977049949
96.02076979582898
96.98675283151063
97.96245060640604
98.94796487742903
99.94339740149351
100.9488499355133
101.9644242364022
102.9902220610741
104.0263451664429
105.0728953094224
106.1299742469264
107.1976837358689
108.2761255365474
109.3654045589432
110.4656346992175
111.5769314456501
112.6994102865205
113.8331867101084
114.9783762046934
116.1350942585553
117.3034563599736
118.483577997228
119.6755746585981
120.8795618323636
122.0956550068042
123.3239699370452
124.5646295338076
125.8177644793822
127.0835058463637
128.3619847073469
129.6533321349267
130.9576792016977
132.2751569802547
133.6058965431926
134.9500289631062
136.3076853125902
137.6789966642393
139.0640940906485
140.4631103063976
141.87618931135
143.3034798490007
144.7451306792513
146.2012905620032
147.6721082571578
149.1577325246168
150.6583121242815
152.1739958160535
153.7049323598343
155.2512705155253
156.8131590430281
158.3907467208644
159.9841877113071
161.5936489847801
163.2192993752668
164.8613077167508
166.5198428432152
168.1950735886436
169.8871687870193
171.5962972723258
173.3226278785463
175.0663294396644
176.8275707896634
178.6065207625267
180.4033487628289
182.2182355565144
184.0513723703964
185.9029508213935
187.7731625264244
189.6621991024077
191.5702521662623
193.4975133349068
195.4441742252598
197.4104264542402
199.3964616387665
201.4024713957575
203.4286473421318
205.4751840929023
207.542293184823
209.6301920857696
211.7390982699897
213.8692292117312
216.0208023852418
218.1940352647692
220.3891453245611
222.6063500388653
224.8458668819295
227.1079133280014
229.3927068513288
231.7004649942028
234.0314143636547
236.3857996377362
238.763867637285
241.1658651831392
243.5920390961365
246.0426361971149
248.5179033069123
251.0180872463665
253.5434348363154
256.0941928975971
258.6706082510493
261.2729277175098
263.901399286758
266.5562887950044
269.2378760008547
271.9464410318487
274.6822640155265
277.4456250794281
280.2368043510932
283.0560819580618
285.9037380278741
288.7800526880697
291.6853060661888
294.6197782897712
297.5837494863569
300.5775051743313
303.6013559784244
306.6556198265609
309.7406146474834
312.8566583699346
316.0040689226569
319.183164234393
322.3942622338854
325.6376808498768
328.9137380111096
332.2227516463266
335.5650396842702
338.9409202541676
342.3507265307345
345.7948169320406
349.2735522890324
352.7872934326561
356.3364011938583
359.9212364035854
363.5421598927839
367.1995324924001
370.8937150333806
374.6250683466716
378.3939532632198
382.2007306139714
386.0457635442339
389.9294429447016
393.852178013894
397.814378274306
401.8164532484328
405.8588124587693
409.9418654278105
414.0660216780515
418.2316907319873
422.4392821121129
426.6892053409234
430.9818699409138
435.3176854345977
439.6970709089746
444.1204822836608
448.5883843432754
453.1012418724374
457.6595196557655
462.2636824778787
466.914195123396
471.6115223769362
476.3561290231184
481.1484798465614
485.9890396318842
490.8782731637056
495.816645743731
500.8046473132546
505.8428027260442
510.93163948607
516.071685097302
521.2634670637103
526.5075128892653
531.8043500779371
537.1545061336956
542.5585085605111
548.0168848623538
553.5301625431937
559.098869107001
564.7235365139758
570.404739427875
576.1430762793281
581.9391457551828
587.7935465422871
593.7068773274895
599.6797367976375
605.7127236395795
611.8064365401638
617.9614741862373
624.178435264649
630.4579184622464
636.800522471777
643.2068627339639
649.6776081002129
656.2134380458687
662.8150320462762
669.4830695767799
676.2182301127252
683.0211931294564
689.8926381023185
696.8332445066563
703.8436918178145
710.9246595111382
718.0768270619718
725.3008751638862
732.5975243600743
739.9675429917908
747.4117022247057
754.9307732244889
762.5255271568102
770.1967351873396
777.9451684817468
785.7715982057017
793.6767955248743
801.6615316049343
809.7265776115519
817.8727047103966
826.1006924509218
834.4113854577544
842.8056587870143
851.2843876676484
859.8484473286031
868.4987129988257
877.2360599072625
886.0613632828605
894.9754983545664
903.979340351327
913.073764502089
922.2596460357993
931.5378602345439
940.9093112727767
950.374979931789
959.9358595463974
969.5929434514183
979.3472249816685
989.1996974719649
999.1513542571237
1009.203188671962
1019.356194051295
1029.611363729942
1039.969691042716
1050.432169324437
1060.999794597781
1071.673626582998
1082.45478975835
1093.344411502062
1104.343619192363
1115.453540207478
1126.675301925634
1138.010031725057
1149.458856983975
1161.022905080614
1172.7033033932
1184.50117929996
1196.417660179121
1208.453888876096
1220.611106413799
1232.890592213198
1245.293625784126
1257.821486636417
1270.475454279904
1283.256808224421
1296.166827979801
1309.206793055878
1322.377982962485
1335.681677209456
1349.119155306625
1362.691697002891
1376.400631132549
1390.247395271832
1404.233441591251
1418.360222261314
1432.629189452533
1447.041795335417
1461.599492080477
1476.303731858223
1491.155966839164
1506.15764919381
1521.310231092672
1536.61516470626
1552.073907847861
1567.68801902762
1583.459143535905
1599.388929503223
1615.479025060078
1631.731078336977
1648.146737464425
1664.727650572926
1681.475465792987
1698.391831255113
1715.47839508981
1732.736805427581
1750.168710398934
1767.775786195583
1785.559855609376
1803.52278914843
1821.666457346646
1839.992730737924
1858.503479856168
1877.20057523528
1896.08588740916
1915.161286911711
1934.428644276834
1953.889830038431
1973.546714730405
1993.401169676863
2013.455148367373
2033.710757102777
2054.170118832096
2074.835356504355
2095.708593068577
2116.791951473783
2138.087554668998
2159.597525603245
2181.323987225546
2203.269062484925
2225.434874330405
2247.823545711009
2270.437210968945
2293.278161962886
2316.348805503964
2339.651551018002
2363.188807930824
2386.962985668254
2410.976493656117
2435.231741320235
2459.731138086434
2484.477093380537
2509.472016628368
2534.718317255751
2560.21840468851
2585.974738529244
2611.989994931161
2638.266908453737
2664.808213657329
2691.616645102294
2718.694937348988
2746.045824957769
2773.672042488993
2801.576324503017
2829.761405560197
2858.23002022089
2886.984903045453
2916.028790786673
2945.364555829744
2974.995283174175
3004.924076390396
3035.154039048828
3065.688274719899
3096.529886974035
3127.681979381663
3159.147655513207
3190.930018939095
3223.032173229752
3255.457221955603
3288.208268687075
3321.288439287016
3354.701103515027
3388.449781531218
3422.537995707752
3456.969268416794
3491.747122030507
3526.875078921056
3562.356661460605
3598.195392021318
3634.394792975359
3670.958386694891
3707.889695552079
3745.192241923427
3782.869636761965
3820.925807234579
3859.364751042874
3898.190465888452
3937.406949472922
3977.018199497888
4017.028213664954
4057.440989675728
4098.260525231814
4139.490818034817
4181.135865786343
4223.199666187997
4265.686222373649
4308.599758450434
4351.944791375649
4395.725858272588
4439.947496264541
4484.614242474802
4529.73063402666
4575.301208043409
4621.330501648339
4667.823051964741
4714.783396115909
4762.216071225134
4810.125614415707
4858.516605327507
4907.393997585072
4956.762939055153
5006.62857926062
5056.996067724344
5107.870553969199
5159.257187518054
5211.161117893784
5263.587494619257
5316.541467217347
5370.028185210925
5424.052798122862
5478.620455596203
5533.736461353708
5589.406575252581
5645.636641157035
5702.432502931288
5759.800004439555
5817.744989546051
5876.273302114993
5935.390786010598
5995.103285097081
6055.416643238657
6116.336704299545
6177.869312143957
6240.020323105741
6302.795950120574
6366.202806442635
6430.24752657573
6494.93674502367
6560.277096290262
6626.275214879317
6692.937735294642
6760.271292040047
6828.28251961934
6896.978052536329
6966.364525294824
7036.448572398634
7107.236907008081
7178.736805068054
7250.955787690138
7323.901376998592
7397.581095117675
7472.002464171648
7547.173006284766
7623.100243581287
7699.791698185473
7777.254892221581
7855.497347813868
7934.526587086595
8014.350132939102
8094.975779884366
8176.411992258445
8258.667335823346
8341.750376341071
8425.669679573626
8510.433811283012
8596.051337231236
8682.530823180299
8769.880834892208
8858.109938128962
8947.226698652572
9037.239682225036
9128.157479053165
9219.989194449192
9312.744423935537
9406.432782496533
9501.063885116528
9596.647346779851
9693.192782470856
9790.709807173871
9889.208035873242
9988.697083553307
10089.18656519841
10190.68609579288
10293.20529032107
10396.75395205709
10501.34298919683
10606.98371170692
10713.68743012714
10821.46545499725
10930.32909685705
11040.28966624632
11151.35847370482
11263.54682977235
11376.86604498868
11491.32742989359
11606.94229502687
11723.72195100835
11841.67772066754
11960.82095204106
12081.16299628173
12202.71520454235
12325.48892797574
12449.49551773469
12574.74632497204
12701.25270084058
12829.02599649312
12958.07756308248
13088.41875176146
13220.06091368287
13353.01563283486
13487.29823389209
13622.92705837047
13759.92053375003
13898.29708751081
14038.07514713284
14179.27314009615
14321.90949388078
14466.00263596675
14611.5709938341
14758.63299496286
14907.20706683307
15057.31163692475
15208.96263883373
15362.16393946836
15516.91576111522
15673.21832529162
15831.07185351487
15990.47656730227
16151.43268817112
16313.94043763872
16478.00003722239
16643.61170843942
16810.77567280712
16979.49215184279
17149.76168481118
17321.61125397828
17495.11375035719
17670.34665126285
17847.38743401023
18026.3135759143
18207.20255429001
18390.13184645232
18575.1789297162
18762.42128139662
18951.93637880852
19143.80169926688
19338.09472008666
19534.88046364838
19734.06749024108
19935.45758231304
20138.85046118432
20344.045848175
20550.84346460514
20759.04303179482
20968.44427106408
21178.84690373301
21390.05065112167
21601.85523455013
21814.06037533846
22026.46579480672
