1
1.01374062310061
1.027483494896436
1.04123086408269
1.054984979354589
1.068748089407347
1.082522442936179
1.0963102886363
1.110113875202924
1.123935451331266
1.137777265716541
1.151641567053963
1.165530604038748
1.17944662536611
1.193391879731264
1.207368615829425
1.221379082355808
1.235425528005627
1.249510201474096
1.263635351456432
1.277803226647848
1.292016075743559
1.306276147438781
1.320585690428728
1.334946953408614
1.349362185073654
1.363833634119064
1.378363549240058
1.39295417913185
1.407607772489656
1.42232657800869
1.437112844384167
1.451968820311302
1.46689675448531
1.481898895601404
1.496977492354801
1.512134793440715
1.52737304755436
1.542694503390951
1.558101409645705
1.573596015013833
1.589180568190553
1.604857317871078
1.620628512750623
1.636496401524403
1.652463232887633
1.668531255535527
1.684702718163301
1.700979869466169
1.717364958139345
1.733860232878045
1.750467942377484
1.767190335332876
1.784029660439435
1.800988166392377
1.818068101886917
1.835271715618268
1.852601256281647
1.870058972572268
1.887647113185345
1.905367926816093
1.923223662159727
1.941216567911462
1.959348892766513
1.977622885420094
1.99604079456742
2.014604868903706
2.033317357124167
2.052180507924017
2.071196569998471
2.090367792042744
2.109696422752051
2.129184710821606
2.148834904946624
2.168649253822321
2.18863000614391
2.208779410606606
2.229099715905626
2.249593170736182
2.27026202379349
2.291108523772764
2.312134919369221
2.333343459278073
2.354736392194536
2.376315966813825
2.398084431831153
2.420044035941737
2.442197027840792
2.464545656223531
2.48709216978517
2.509838817220923
2.532787847226004
2.55594150849563
2.579302049725015
2.602871719609372
2.626652766843917
2.650647440123866
2.674857988144433
2.699286659600832
2.723935703188277
2.748807367601985
2.77390390153717
2.799227553689046
2.824780572752828
2.850565207423731
2.87658370639697
2.90283831836776
2.929331292031315
2.95606487608285
2.98304131921758
3.010262870130719
3.037731777517483
3.065451077540986
3.093426956235944
3.121666387104975
3.150176343650691
3.178963799375711
3.208035727782651
3.237399102374126
3.267060896652753
3.297028084121147
3.327307638281925
3.357906532637703
3.388831740691096
3.420090235944721
3.451688991901193
3.48363498206313
3.515935179933147
3.54859655901386
3.581626092807884
3.615030754817836
3.648817518546334
3.68299335749599
3.717565245169423
3.752540155069248
3.787925060698082
3.823726935558539
3.859952753153239
3.896609486984793
3.933704110555821
3.971243597368936
4.009234920926757
4.047685054731897
4.086600972286975
4.125989647094606
4.165858052657406
4.20621316247799
4.247061950058975
4.288411388902976
4.330268452512612
4.372640114390497
4.415533348039246
4.458955126961476
4.502912424659804
4.547412214636845
4.592461470395215
4.638067165437531
4.684236273266408
4.730975767384463
4.778292621294311
4.826193808498568
4.874686302499852
4.923777076800778
4.97347310490396
5.023781360312016
5.074708816527562
5.126262447053214
5.178449225391589
5.231276125045299
5.284750119516965
5.338878182309202
5.393667286924623
5.449124406865848
5.50525651563549
5.562070586736167
5.619573593670494
5.677772509941089
5.736674309050563
5.796285964501537
5.856614449796626
5.917666738438446
5.979449803929612
6.04197061977274
6.105236159470447
6.169253396525349
6.234029304440063
6.299570856717203
6.365885026859385
6.432978788369226
6.500859114749343
6.569532979502351
6.639007356130866
6.709289218137504
6.78038553902488
6.852303292295613
6.925049451452317
6.998630989997608
7.073054881434103
7.148328099264416
7.224457616991166
7.30145040811697
7.379313446144437
7.458053704576191
7.537678156914842
7.618193776663011
7.699607537323309
7.781926412398358
7.865157375390768
7.94930739980316
8.03438345913815
8.120392526898348
8.207341576586375
8.295237581704846
8.384087515756381
8.473898352243587
8.564677064669088
8.656430626535496
8.74916601134543
8.842890192601503
8.937610143806335
9.033332838462536
9.130065250072727
9.227814352139525
9.326587119016887
9.426390528464157
9.527231559092026
9.629117189511176
9.7320543983323
9.836050164166082
9.94111146562321
10.04724528131438
10.15445858985026
10.26275836984156
10.37215159989896
10.48264525863314
10.5942463246548
10.70696177657462
10.82079859300329
10.93576375255149
11.05186423382992
11.16910701544927
11.28749907602021
11.40704739415344
11.52775894845965
11.64964071754952
11.77269968003375
11.89694281452301
12.022377099628
12.14900951395941
12.27684703612792
12.40589664474422
12.53616531841899
12.66766003576294
12.80038777538674
12.93435551590108
13.06957023591665
13.20603891404413
13.34376852889422
13.48276605907761
13.62303848320497
13.764592779887
13.90743592773439
14.05157490535782
14.19701669136799
14.34376826437557
14.49183660299126
14.64122868582575
14.79195149148971
14.94401199859385
15.09741718574885
15.25217403156539
15.40828951465417
15.56577061362586
15.72462430709117
15.88485757366077
16.04647739194537
16.20949074055563
16.37390459810225
16.53972594319592
16.70696175444732
16.87561901046715
17.0457046898661
17.21722577125483
17.39018923324406
17.56460205444446
17.74047121346673
17.91780368892154
18.0966064594196
18.27688650357157
18.45865079998817
18.64190632728006
18.82666006405794
19.01291898893251
19.20069008051443
19.38998031741441
19.58079667824313
19.77314614161127
19.96703568612953
20.1624722904086
20.35946293305916
20.55801459269189
20.75813424791749
20.95982887734665
21.16310545959005
21.36797097325838
21.57443239696233
21.78249670931258
21.99217088891983
22.20346191439476
22.41637676434806
22.63092241739041
22.84710585213251
23.06493404718504
23.28441398115869
23.50555263266415
23.72835698031211
23.95283400271325
24.17899067847826
24.40683398621783
24.63637090454264
24.86760841206339
25.10055348739078
25.33521310913546
25.57159425590814
25.80970390631951
26.04954903898025
26.29113663250104
26.5344736654926
26.77956711656558
27.02642396433069
27.27505118739862
27.52545576438004
27.77764467388565
28.03162489452614
28.28741522125324
28.54508171438288
28.80470225057206
29.06635470647775
29.33011695875694
29.59606688406661
29.86428235906374
30.13484126040531
30.40782146474832
30.68330084874974
30.96135728906657
31.24206866235576
31.52551284527433
31.81176771447924
32.10091114662748
32.39302101837604
32.6881752063819
32.98645158730203
33.28792803779343
33.59268243451308
33.90079265411795
34.21233657326504
34.52739206861134
34.84603701681381
35.16834929452943
35.49440677841523
35.82428734512814
36.15806887132518
36.4958292336633
36.83764630879951
37.18359797339078
37.53376210409411
37.88821657756647
38.24703927046484
38.61030805944621
38.97810082116756
39.35049543228588
39.72756976945815
40.10940170934133
40.49606912859245
40.88764990386846
41.28422191182636
41.68586302912311
42.09265113241572
42.50466409836116
42.92197980361642
43.34467612483847
43.77283093868432
44.20652212181092
44.64582755087527
45.09082510253437
45.54159265344516
45.99820808026466
46.46074925964985
46.9292940682577
47.4039203827452
47.88470607976933
48.37172903598709
48.86506712805544
49.36479823263137
49.87100022637188
50.38375098593392
50.9031283879745
51.4292103091506
51.9620746261192
52.50179921553729
53.04846195406186
53.60214071834987
54.1629133850583
54.73085783084415
55.3060519323644
55.88857356627605
56.47850060923605
57.07591093790141
57.6808824289291
58.2934929589761
58.91382040469939
59.541942642756
60.17793754980286
60.82188300249696
61.47385687749529
62.13393705145486
62.80220140103263
63.47872780288557
64.1635941336707
64.85687827004496
65.55865808866537
66.26901146618889
66.9880162792725
67.7157504045732
68.45229171874799
69.19771809845381
69.95210742034767
70.71553756108653
71.48808639732742
72.26983180572728
73.06085166294312
73.86122384563191
74.67102623045062
75.49033669405627
76.31923311310581
77.15779336425624
78.00609532416455
78.86421686948769
79.73223587688267
80.61023022300647
81.49827778451609
82.39645643806847
83.30484406032063
84.22351852792956
85.1525577175522
86.09203053696562
87.04197001842708
88.00240022531391
88.9733452210034
89.95482906887287
90.94687583229967
91.94950957466109
92.96275435933445
93.98663424969708
95.02117330912628
96.06639560099939
97.12232518869372
98.18898613558659
99.26640250505528
100.3545983604772
101.4535977652296
102.5634247826897
103.684103476235
104.8156579092428
105.9581121450903
107.1114902471549
108.2758162788139
109.4511143034446
110.6374083844243
111.8347225851304
113.0430809689402
114.2625075992309
115.49302653938
116.7346618527646
117.9874376027622
119.2513778527501
120.5265066661055
121.8128481062059
123.1104262364284
124.4192651201505
125.7393888207495
127.0708214016026
128.4135869260871
129.7677094575805
131.13321305946
132.510121795103
133.8984597278867
135.2982509211885
136.7095194383857
138.1322893428555
139.5665846979755
141.0124295671227
142.4698480136746
143.9388641010085
145.4195018925017
146.9117854515316
148.4157388414753
149.9313861257104
151.458751367614
152.9978586305634
154.5487319779361
156.1113954731093
157.6858731794604
159.2721891603667
160.8703674792053
162.4804321993538
164.1024073841894
165.7363170970895
167.3821854014313
169.0400363605922
170.7098940379495
172.3917824968804
174.0857258007624
175.7917480129728
177.5098731968888
179.2401254158878
180.982528733347
182.7371072126439
184.5038849171557
186.2828859102598
188.0741342553335
189.877654015754
191.6934692548987
193.521604036145
195.3620824228701
197.2149284784513
199.0801662662661
200.9578198496916
202.8479132921052
204.7504706568843
206.6655160074061
208.593073407048
210.5331669191872
212.4858206072012
214.4510585344672
216.4289047643626
218.4193833602645
220.4225183855505
222.4383339035977
224.4668539777836
226.5081026714853
228.5621040480804
230.628882170946
232.7084611034595
234.8008649089982
236.9061176509394
239.0242433926604
241.1552661975386
243.2992101289512
245.4560992502757
247.6259576248893
249.8088093161693
252.004678387493
254.2135889022377
256.4355649237809
258.6706305154998
260.9189501369837
263.1812498326704
265.4583960432096
267.751255209251
270.0606937714443
272.3875781704392
274.7327748468856
277.097150241433
279.4815707947313
281.8869029474302
284.3140131401794
286.7637678136286
289.2370334084275
291.7346763652259
294.2575631246735
296.8065601274201
299.3825338141153
301.9863506254089
304.6188770019507
307.2809793843903
309.9735242133775
312.697377929562
315.4534069735935
318.2424777861218
321.0654568077966
323.9232104792676
326.8166052411845
329.7465075341971
332.7137837989551
335.7193004761083
338.7639240063063
341.8485208301989
344.9739573884358
348.1411001216668
351.3508154705415
354.6039698757098
357.9014297778212
361.2440616175256
364.6327318354728
368.0683068723122
371.5516531686939
375.0836371652675
378.6651253026826
382.296984021589
385.9800797626366
389.7152789664748
393.5034480737537
397.3454535251227
401.2421617612317
405.1944392227304
409.2031523502685
413.2691675844958
417.3933513660619
421.5765701356167
425.8196903338098
430.123578401291
434.4891007787099
438.9171239067163
443.40851422596
447.9641381770907
452.5848622007581
457.271552737612
462.0250762283019
466.8462991134778
471.7360878337892
476.6953088298861
481.724828542418
486.8255134120348
491.998229879386
497.2438443851213
502.5632233698909
507.957233274344
513.4267405391307
518.9726116049005
524.5957129123033
530.2969109019884
536.0770720146063
541.937062690806
547.8777493712375
553.8999984965507
560.0046765073951
566.1926498444204
572.4647849482766
578.821948259613
585.2650062190799
591.794825267327
598.4122718450033
605.1182123927588
611.9135133512436
618.7990411611072
625.7756622629994
632.8442430975695
640.005650105468
647.2607497273442
654.6104084038476
662.0554925756286
669.5968686833361
677.2354031676205
684.9719624691311
692.807413028518
700.7426212864304
708.7784536835188
716.9157766604321
725.1554566578208
733.4983601163337
741.9453534766216
750.4973031793335
759.1550756651193
767.9195373746286
776.7915547485115
785.7719942274175
794.8615230367311
804.0600115407756
813.3671308886097
822.7825522292911
832.3059467118784
841.9369854854297
851.6753396990035
861.5206805016575
871.4726790424503
881.5310064704403
891.6953339346853
901.9653325842439
912.3406735681743
922.8210280355346
933.406067135383
944.0954620167779
954.8888838287774
965.7860037204399
976.7864928408235
987.8900223389866
999.0962633639873
1010.404887064884
1021.815564590735
1033.327967090597
1044.941765713531
1056.656631608594
1068.472235924843
1080.388249811338
1092.404344417136
1104.520190891297
1116.735460382876
1129.049824040935
1141.46295301453
1153.97451845272
1166.584191504563
1179.291643319116
1192.09654504544
1204.998567832591
1217.997382829628
1231.092661185609
1244.284074049593
1257.571292570637
1270.953987897801
1284.431831180141
1298.004493566717
1311.671646206586
1325.432960248808
1339.288106842439
1353.236757136539
1367.278582280165
1381.413253422377
1395.640441712231
1409.959818298786
1424.371054331102
1438.873820958234
1453.467789329243
1468.152630593187
1482.928015899122
1497.793616396109
1512.749103233204
1527.794147559467
1542.928420523954
1558.151593275726
1573.46333696384
1588.863322737354
1604.351221745326
1619.926705136815
1635.589444060879
1651.339109666577
1667.175373102965
1683.097905519103
1699.106378064049
1715.200461886861
1731.379828136598
1747.644147962316
1763.993092513076
1780.426332937935
1796.943540385951
1813.544386006183
1830.228540947688
1846.995676359526
1863.845463390754
1880.77757319043
1897.791676907613
1914.887445691361
1932.064550690732
1949.322663054785
1966.661453932577
1984.080594473167
2001.579755825614
2019.158609138975
2036.816825562308
2054.554076244673
2072.370032335126
2090.264364982727
2108.236745336534
2126.286844545604
2144.414333758997
2162.61888412577
2180.900166794981
2199.257852915689
2217.691613636953
2236.20112010783
2254.786043477377
2273.446054894655
2292.180825508721
2310.990026468634
2329.873328923451
2348.83040402223
2367.86092291403
2386.96455674791
2406.142706674321
2425.403693849299
2444.757569430268
2464.214384574657
2483.784190439893
2503.477038183405
2523.302978962618
2543.272063934961
2563.394344257861
2583.679871088746
2604.138695585043
2624.780868904179
2645.616442203583
2666.655466640681
2687.9079933729
2709.38407355767
2731.093758352416
2753.047098914566
2775.254146401548
2797.72495197079
2820.469566779718
2843.49804198576
2866.820428746346
2890.446778218899
2914.387141560849
2938.651569929623
2963.250114482648
2988.192826377352
3013.489756771163
3039.150956821506
3065.186477685812
3091.606370521507
3118.420686486017
3145.639476736772
3173.272792431198
3201.330684726722
3229.823204780772
3258.760403750776
3288.152332794161
3318.009043068354
3348.340585730783
3379.157011938877
3410.46837285006
3442.284719621762
3474.61610341141
3507.472575376431
3540.864186674253
3574.800988462303
3609.293031898008
3644.350368138797
3679.983048342097
3716.201123665334
3753.014645265937
3790.433664301334
3828.46823192895
3867.128399306213
3906.424217590553
3946.365737939396
3986.963011510168
4028.226089460299
4070.165022947215
4112.789863128343
4156.110661161111
4200.137468202947
4244.880335411278
4290.349313943532
4336.554454957135
4383.505809609516
4431.213429058103
4479.687364460322
4528.937666973599
4578.974387755365
4629.807577963045
4681.447288754067
4733.903571285859
4787.186476715849
4841.306056201463
4896.27236090013
4952.095441969273
5008.785350566326
5066.352137848713
5124.805854973863
5184.1565530992
5244.414283382157
5305.589096980155
5367.691045050627
5430.730178750997
5494.716549238694
5559.660207671146
5625.571205205778
5692.45959300002
5760.335422211299
5829.208743997041
5899.089609514675
5969.988069921628
6041.914176375328
6114.8779800332
6188.889532052674
6263.958883591178
6340.096085806138
6417.311189854982
6495.614246895136
6575.015308084028
6655.524424579088
6737.15164753774
6819.907028117414
6903.800617475537
6988.842466769536
7075.042627156837
7162.411149794869
7250.95808584106
7340.690026778602
7431.599725393752
7523.676474798532
7616.909568104962
7711.288298425065
7806.801958870862
7903.439842554376
8001.191242587627
8100.04545208264
8199.991764151433
8301.019471906031
8403.11786845845
8506.276246920717
8610.483900404855
8715.730122022884
8822.004204886822
8929.295442108696
9037.593126800524
9146.886552074329
9257.165011042134
9368.41779681596
9480.634202507828
9593.803521229762
9707.91504609378
9822.958070211907
9938.921886696162
10055.79578865857
10173.56906921115
10292.23102146592
10411.77093853492
10532.17811353015
10653.44183956364
10775.55140974741
10898.49611719348
11022.26525501388
11146.84811632063
11272.23399422575
11398.41218184125
11525.37197227917
11653.10265865153
11781.59353407034
11910.83389164762
12040.81302449541
12171.52022572571
12302.94478845056
12435.07600578198
12567.90317083198
12701.41557671259
12835.60251653582
12970.45328341371
13105.95717045828
13242.10347078153
13378.88147749551
13516.28048371222
13654.2897825437
13792.89866710195
13932.09643049901
14071.8723658469
14212.21576625763
14353.11592484323
14494.56213471572
14636.54368898713
14779.04988076946
14922.07000317476
15065.59334931503
15209.6092123023
15354.1068852486
15499.07566126593
15644.50483346634
15790.38369496182
15936.70153886442
16083.44765828615
16230.61134633902
16378.18189613507
16526.14860078632
16674.50075340478
16823.22764710249
16972.31857499144
17121.76283018369
17271.54970579124
17421.66849492611
17572.10849070034
17722.85898622593
17873.90927461491
18025.24864897931
18176.86640243114
18328.75182808242
18480.89421904519
18633.28286843145
18785.90706935324
18938.75611492257
19091.81929825146
19245.08591245194
19398.54525063603
19552.18660591575
19705.99927140312
19859.97254021016
20014.0957054489
20168.35806023136
20322.74889766956
20477.25751087552
20631.87319296125
20786.5852370388
20941.38293622017
21096.25558361739
21251.19247234247
21406.18289550746
21561.21614622435
21716.28151760517
21871.36830276196
22026.46579480672
