1
1.010195229203537
1.020411707614696
1.030670684441098
1.040993408890366
1.05140113017012
1.061915097487983
1.072554989712736
1.0833252012096
1.09422151420631
1.105239614344118
1.116375187264275
1.127623918608032
1.138981588535554
1.150447009301063
1.162022596071884
1.173710973763895
1.185514767292977
1.19743660157501
1.20947910051477
1.221644443816976
1.233933672328905
1.246347646943225
1.258887228552602
1.271553278049704
1.2843466563272
1.297268286847411
1.310319466522919
1.323501630233761
1.336816213080459
1.350264650163537
1.363848376583519
1.37756882591586
1.391427407494459
1.405425511236878
1.419564526515585
1.433845842703049
1.448270849171738
1.462840935878317
1.477557537296574
1.492422162976888
1.50743632969407
1.522601554222931
1.537919353338282
1.553391243815031
1.569018758026142
1.584803487304629
1.600747036912199
1.616851012110551
1.633117018161389
1.649546660326417
1.666141550964547
1.682903367211826
1.699833820875813
1.716934624092369
1.734207488997359
1.751654127726644
1.769276254124993
1.787075631637581
1.805054079809247
1.823213421199765
1.84155547836891
1.860082073876457
1.87879503037889
1.897696201762308
1.916787517785634
1.936070919508249
1.955548347989535
1.975221744288872
1.995093049465642
2.015164219218106
2.035437291687434
2.055914333851088
2.076597412716987
2.09748859529305
2.118589948587196
2.139903544529884
2.161431527617734
2.183176097656846
2.205139455844545
2.227323803378153
2.249731341454995
2.272364272058257
2.295224848892567
2.318315408574916
2.341638295185206
2.365195852803335
2.388990425509202
2.41302435738407
2.437300020844799
2.461819889537122
2.486586459703124
2.511602227584894
2.536869689424518
2.562391341464081
2.588169691555309
2.614207347022194
2.640506965746523
2.667071206008613
2.693902726088788
2.721004184267367
2.74837824184305
2.776027639713173
2.803955204474407
2.832163766964026
2.860656158019305
2.889435208477518
2.918503749381657
2.94786466239045
2.977520945743381
3.007475614035773
3.037731681862949
3.068292163820234
3.09916007450295
3.130338452733742
3.161830466133374
3.19363932495614
3.225768239483719
3.258220419997789
3.290999076780027
3.324107428495847
3.35754880866111
3.391326634080105
3.425444323423442
3.459905295361732
3.494712968565583
3.529870763154468
3.565382182369439
3.601250856145602
3.637480425069646
3.67407452972826
3.71103681070813
3.74837090860309
3.786080510439347
3.824169460054915
3.862641634357793
3.901500910255977
3.940751164657468
3.980396274470265
4.020440136019706
4.060886801964922
4.101740400388708
4.143005059860695
4.184684908950511
4.226784076227784
4.26930669553532
4.312257027545481
4.35563946292031
4.39945839822717
4.443718230033424
4.488423354906438
4.533578169838827
4.579187153876346
4.625254965309756
4.671786286100684
4.718785798210761
4.766258183601616
4.814208124234879
4.862640342100626
4.911559760136507
4.960971364202433
5.010880140180092
5.061291073951166
5.11220915139734
5.163639372641004
5.215586919431816
5.268057098814704
5.321055220319767
5.3745865934771
5.428656527816801
5.483270335515449
5.538433462178187
5.594151546827398
5.650430243650566
5.707275206835182
5.764692090568734
5.822686549065006
5.881264312526072
5.940431353829054
6.000193694191569
6.06055735483123
6.121528356965659
6.183112721812469
6.245316503007174
6.308145999666153
6.371607623279774
6.435707785920803
6.500452899661999
6.565849376576126
6.631903637907488
6.69862230678709
6.766012203324649
6.834080155819646
6.902832992571557
6.972277541879862
7.042420632901488
7.113269227635139
7.18483056342626
7.257111911819555
7.330120544359736
7.40386373259151
7.478348748059586
7.553582928361182
7.629573924302384
7.706329479431226
7.783857337310014
7.862165241501054
7.94126093556665
8.021152187195785
8.101847051049617
8.18335377006632
8.265680590465863
8.348835758468212
8.432827520293333
8.517664126955191
8.603354043409945
8.689906029629013
8.777328867119024
8.865631337386612
8.954822221938414
9.044910302360829
9.135904484431601
9.227814049116965
9.320648347957276
9.414416732492885
9.509128554264141
9.604793164811394
9.701419969705764
9.799018759637557
9.897599492503847
9.997172126881285
10.09774662134652
10.19933293447621
10.30194104073335
10.40558123563174
10.51026411288127
10.61600027749944
10.72280033450372
10.8306748889116
10.9396345474337
11.04969013157037
11.16085288541993
11.27313410240311
11.38654507594062
11.50109709945316
11.61680146636145
11.73366957895131
11.85171332721069
11.97094473764326
12.09137583675928
12.21301865106898
12.33588520708261
12.45998757208596
12.58533826637836
12.71195009285284
12.8398358586962
12.96900837109523
13.09948043723674
13.23126487292666
13.36437483663344
13.49882393639954
13.63462581076433
13.77179409826721
13.91034243744756
14.05028446705886
14.19163402855079
14.33440554288121
14.47861353390766
14.62427252548771
14.77139704147889
14.92000160573875
15.07010083203166
15.22170993776869
15.37484438882476
15.52951965184421
15.68575119347139
15.84355448035064
16.00294500653842
16.16393877615528
16.32655224429389
16.49080188158448
16.6567041586573
16.82427554614257
16.99353251795485
17.16449189485877
17.33717114564242
17.51158781009365
17.68775942800028
17.86570353915015
18.04543768333109
18.22697957955116
18.41034770545678
18.59556073939431
18.78263735971139
18.97159624475564
19.16245607287471
19.35523559116995
19.54995426123428
19.74663196832271
19.94528860325
20.14594405683089
20.3486182198801
20.55333099860361
20.76010284744471
20.96895490532848
21.17990835424159
21.39298437617074
21.60820415310263
21.8255888675519
22.04516003240712
22.26694005481279
22.49095149174135
22.71721690016527
22.94575883705698
23.17659985938894
23.40976267350623
23.64527093107073
23.88314865245581
24.12341985887408
24.36610857153819
24.61123881166075
24.85883464758592
25.1089209572497
25.36152329991425
25.61666725608055
25.8743784062496
26.13468233092238
26.39760461687376
26.66317141028841
26.93140985017081
27.20234717752839
27.47601063336853
27.75242745869865
28.03162489452614
28.3136304765742
28.59847291942926
28.88618123239353
29.17678442476924
29.47031150585861
29.76679148496384
30.0662534870625
30.3687277630292
30.67424519813143
30.9828366847515
31.29453311527174
31.60936538207447
31.92736440485614
32.24856197952986
32.5729909431811
32.90068419350861
33.2316746282111
33.56599514498735
33.90367864276011
34.2447585581909
34.58926970661687
34.93724712122427
35.28872583519928
35.64374088172817
36.00232729399713
36.36452035299494
36.73035681873291
37.09987399763235
37.47310919698782
37.85009972409384
38.23088288624499
38.61549607150233
39.00397795174385
39.39636822712368
39.79270662666384
40.19303287938634
40.59738671431319
41.00580787229192
41.41833699530343
41.83501624505895
42.25588792950943
42.68099435660587
43.11037783429929
43.54408067054376
43.9821456574043
44.42461741686741
44.87154100321903
45.32296147074511
45.77892387373161
46.23947326646447
46.70465489744456
47.17451578779679
47.64910390743077
48.12846723524017
48.61265375011865
49.10171143095986
49.59568830485632
50.09463379785589
50.5985989182701
51.10763475944531
51.62179241472789
52.14112297746422
52.66567754370737
53.1955080835792
53.73066869076477
54.27121377523152
54.81719774694695
55.36867501587847
55.92569999199353
56.48832749577052
57.05661465959368
57.63061942448924
58.21039973233751
58.79601352501876
59.38751874441328
59.9849734703747
60.58843781670546
61.19797344747116
61.81364206573191
62.43550537454777
63.06362507697885
63.6980628981148
64.33888201291684
64.98614792057175
65.63992632946879
66.3002829479972
66.96728348454624
67.64099364754335
68.32147993970402
69.0088117013358
69.70305890615496
70.40429152787777
71.11257954022045
71.82799291689929
72.55060195706797
73.280479748254
74.01770079520401
74.76233961383632
75.51447072006923
76.27416862982106
77.04150794362015
77.81656549327307
78.59942051287707
79.39015235540037
80.1888403738112
80.9955639210778
81.8104023559349
82.63343645595883
83.46475026667419
84.3044282920864
85.15255503620089
86.00921500302307
86.87449269655839
87.7484732999434
88.63124560673522
89.52289960557793
90.42352528588336
91.3332126370633
92.25205164852949
93.18013254470348
94.1175487694514
95.06439610134946
96.02077037128988
96.98676741016477
97.96248304886635
98.94801315890076
99.94345594180707
100.9489131505646
101.9644868367338
102.9902790518751
104.0263918475489
105.0729272755159
106.1299886891118
107.197683837362
108.276121396297
109.3654100419478
110.4656584503452
111.5769752975198
112.699469803802
113.8332555718125
114.9784483184197
116.1351637741388
117.303517669485
118.4836257349734
119.675603848935
120.8795714449392
122.0956516003774
123.3239675581768
124.5646425612646
125.8177998525678
127.0835626869343
128.3620566192945
129.6534122291076
130.9577607593658
132.2752334530612
133.605961553186
134.9500763027324
136.307710066755
137.6790008431954
139.0640883938083
140.4631124809589
141.8762128670124
143.303529314334
144.7452019844789
146.2013761303098
147.6722005169194
149.1578239790638
150.6583953514991
152.1740634689812
153.7049772404515
155.2512893150706
156.8131577637988
158.3907410826986
159.9841977678329
161.5936863152644
163.2193652217931
164.861395114294
166.5199434222181
168.1951789300791
169.8872704223906
171.5963866836662
173.3226964984196
175.0663695598908
176.8275824425472
178.6065148708818
180.4033465857132
182.2182573278598
184.0514268381402
185.903035114466
187.773267813961
189.6623161153829
191.570371427061
193.4976251573252
195.444268714505
197.4104935309659
199.3964947628438
201.4024752846917
203.4286389297231
205.4751895311518
207.5423309221913
209.6302669360553
211.7392032575168
213.8693543511021
216.0209372810449
218.1941691119792
220.389266908539
222.6064477353579
224.84592933338
227.1079374878456
229.3927032617053
231.7004578099043
234.0314322873874
236.3858578490996
238.7639657843692
241.1659933796722
243.5921861912413
246.0427903789764
248.5180521027776
251.0182175225446
253.5435328004137
256.0942475798058
258.6706220212851
261.272918263723
263.9013984459909
266.55632470696
269.2379591855014
271.9465655350571
274.6824182045846
277.44579633012
280.2369790667482
283.0562455695543
285.9038749936237
288.7801469393614
291.6853500067486
294.6197811546873
297.5837376590496
300.5775167957076
303.6014158405333
306.6557321168605
309.7407689689276
312.8568415870812
316.0042665442545
319.1833604133809
322.3944397673934
325.6378211792253
328.9138242734755
332.2227823458263
335.5650325187175
338.9409119147732
342.3507576566171
345.7949068668734
349.2736978111708
352.7874814538438
356.3366166807874
359.9214624982575
363.5423779125109
367.1997219298033
370.893853798
374.6251423703525
378.3939691024025
382.2007163045701
386.0457662872753
389.9295013609384
393.8523038419808
397.8145617287283
401.816679264062
405.859063575309
409.9421217897957
414.0662610348491
418.231888437796
422.4394136461976
426.6892632288125
430.9818707192454
435.3176696726688
439.6970936442555
444.1205761891778
448.588551631015
453.1014685912704
457.6597883329299
462.2639725545218
466.9144829545747
471.611781231617
476.3563291762424
481.1485983018149
485.9890782868502
490.8782608001014
495.8166375103219
500.8047000862649
505.8429401966836
510.9318545341657
516.0719610571642
521.2637833500781
526.5078449973422
531.8046695833906
537.1547806926579
542.5587038368578
548.0169845560617
553.5301802662804
559.0988485393709
564.7235469471914
570.4048330615989
576.1432648858924
581.9394157913539
587.7938783364013
593.7072462865403
599.6801134072763
605.7130734641145
611.8067202373607
617.9616567682364
624.1785111654115
630.4579157374768
636.8005027930228
643.2069046406398
649.6777535889183
656.2136861336063
662.8153652692179
669.483464325849
676.2186566571213
683.021615616657
689.8930145580778
696.8335281561787
703.84385377993
710.9247078969812
718.0768075703403
725.3008698630158
732.5976118380162
739.9677507342167
747.412019471658
754.9311788007344
762.5259923311476
770.1972236725982
777.945636434788
785.7719942274175
793.6770689215513
801.6616654337049
809.7265969417562
817.8726766235839
826.1007176570662
834.4115332200811
842.8059397330745
851.2847851772163
859.8489353167397
868.4992561153178
877.236613536624
886.0618735443314
894.975902867773
903.9795927980584
913.0738638120498
922.2596380856984
931.5378377949552
940.909385115771
950.3752022584083
959.936226506821
969.5934337914803
979.3478061495217
989.2003256180799
999.1519742342902
1009.203734035288
1019.356594004516
1029.611584584821
1039.969751535814
1050.43214064158
1060.999797686206
1071.673768453778
1082.455100992401
1093.344879337651
1104.344216349359
1115.454225696565
1126.676021048314
1138.010716073646
1149.459424773094
1161.023286407421
1172.7034828379
1184.501200025143
1196.417623929763
1208.453940512372
1220.611335733669
1232.891009124769
1245.29421151246
1257.822205841585
1270.476255056988
1283.257622103512
1296.167569926001
1309.207366913459
1322.378331144421
1335.681807293399
1349.119140286744
1362.691675050805
1376.400756511933
1390.247730947569
1404.233983850148
1418.360945065523
1432.630046823217
1447.042721352747
1461.600400883635
1476.304517721274
1491.156528672625
1506.157950071578
1521.31030711793
1536.615125011479
1552.073928952025
1567.688244139365
1583.459607280585
1599.389619889251
1615.479906146474
1631.732090257309
1648.147796426811
1664.728648860032
1681.476275629645
1698.392361823209
1715.478635984681
1732.736827751098
1750.168666759493
1767.775882646903
1785.560205667886
1803.523406719259
1821.667321849657
1839.993792971998
1858.504661999204
1877.201770844194
1896.08696142096
1915.162097908674
1934.429124028831
1953.890001258394
1973.546691074333
1993.401154953613
2013.4553543732
2033.711259932602
2054.170920393974
2074.836424246427
2095.709860292231
2116.793317333656
2138.088884172976
2159.598651984215
2181.324774487756
2203.269472744093
2225.434971145864
2247.823494085708
2270.437265956266
2293.278511311823
2316.349494479098
2339.65257139071
2363.190110831242
2386.964481585275
2410.978052437391
2435.233192172175
2459.732288611355
2484.477830782617
2509.472341213881
2534.718342454581
2560.218357054152
2585.974907562029
2611.990523115354
2638.267823097531
2664.80949233768
2691.618217131426
2718.696683774391
2746.047578562196
2773.673588928942
2801.577467623334
2829.762066946723
2858.230247570169
2886.984870164735
2916.028795401482
2945.364883957085
2974.996032993483
3004.925262890939
3035.155620015175
3065.690150731925
3096.531901406919
3127.683918405885
3159.149263352155
3190.931120711778
3223.032734216603
3255.457347981021
3288.208206119424
3321.2885527462
3354.701636119256
3388.45080415561
3422.539506914531
3456.971199095524
3491.749335398095
3526.877370521749
3562.358759500142
3598.197021841991
3634.395817901713
3670.958826633636
3707.889726992088
3745.192197931392
3782.869918405877
3820.926598823101
3859.366107489602
3898.19236215446
3937.409280583873
3977.020780544036
4017.030779801144
4057.443207311334
4098.262134748372
4139.491732239535
4181.136171864876
4223.199625704446
4265.686265838297
4308.600266426016
4351.945906471616
4395.727616960958
4439.949840796219
4484.617020879579
4529.733600113215
4575.304021419971
4621.332787432154
4667.824591469335
4714.784164835686
4762.216238835381
4810.125544772594
4858.516813951501
4907.394803149351
4956.764462035379
5006.630828579166
5056.998941207908
5107.873838348809
5159.26055842907
5211.164147082633
5263.589808580356
5316.542901973455
5370.028792748426
5424.052846391768
5478.620428389977
5533.736904903315
5589.407746475385
5645.63864000955
5702.435299281996
5759.803438068911
5817.74877014648
5876.277009290891
5935.393921180546
5995.105517604597
6055.417883226223
6116.337102719822
6177.869260759781
6240.020442020498
6302.796750134432
6366.204514228749
6430.250211373419
6494.94032121716
6560.281323408687
6626.279697596711
6692.941927196937
6760.274663734842
6828.284790550612
6896.979207906204
6966.364816063576
7036.448515284684
7107.237205894165
7178.737885802754
7250.957847733877
7323.904439866128
7397.585010378099
7472.006907448385
7547.177479255583
7623.104116434115
7699.794512234022
7777.256491291636
7855.497878777277
7934.526499861264
8014.350179713918
8094.97675598864
8176.414318612306
8258.671191826617
8341.755708758477
8425.676202534798
8510.441006282494
8596.058454458882
8682.537050295294
8769.88562908532
8858.113064878295
8947.228231723559
9037.240003670448
9128.157254768297
9219.988944612669
9312.74441603559
9406.433119143181
9501.064504046723
9596.648020857492
9693.193119686766
9790.709282682074
9889.20634791142
9988.694375469024
10089.18342882262
10190.68357143992
10293.20486678865
10396.75738511221
10501.35146602756
10606.99780257036
10713.7071117505
10821.49011057789
10930.35751606242
11040.32004538195
11151.38857474076
11263.57443499941
11376.88903774899
11491.34379458057
11606.95011708521
11723.71941685402
11841.66317650763
11960.79335556901
12081.12210985638
12202.66159579585
12325.42396981349
12449.42138833542
12574.6660289178
12701.17046228971
12828.94760680324
12958.01039278728
13088.37175057073
13220.0446104825
13353.04190560419
13487.37685972489
13623.06323976537
13760.11487215383
13898.54558331846
14038.36919968745
14179.59954768901
14322.25056168846
14466.33663294854
14611.87227360549
14758.87199579632
14907.35031165806
15057.32173332769
15208.80087118455
15361.80335654582
15516.34542610013
15672.44332448034
15830.11329631931
15989.37158624991
16150.23441630896
16312.7172036589
16476.83436056564
16642.60023607573
16810.02917923576
16979.13553909227
17149.93366927713
17322.44079260241
17496.68189817639
17672.68327631
17850.47121731418
18030.07201149987
18211.51194917801
18394.81330308858
18579.97292044593
18766.97773149005
18955.8146438876
19146.47056530524
19338.93240340962
19533.1916752932
19729.31907552117
19927.45193183526
20127.72964912099
20330.29163226393
20535.27728614963
20742.82388754393
20952.87895934133
21165.05325627313
21378.92293331245
21594.0641454324
21810.05304760612
22026.46579480672
